date,keyWords
2019-01-01,"['롱패딩', '여성롱패딩', '남자롱패딩', '키즈롱패딩', '여자롱패딩', '몽클레어여성패딩', '여자무스탕', '여성패딩', '니트원피스', '원피스', '핸드메이드코트', '밍크코트', '써스데이아일랜드', '아디다스롱패딩', '남자패딩', '아동롱패딩', '무스탕', '패딩', '여성경량패딩', '여성코트']"
2019-01-02,"['롱패딩', '여성롱패딩', '남자롱패딩', '키즈롱패딩', '여자롱패딩', '몽클레어여성패딩', '여성패딩', '니트원피스', '여자무스탕', '원피스', '아동롱패딩', '핸드메이드코트', '패딩', '무스탕', '여성경량패딩', '남자패딩', '아디다스롱패딩', '밍크코트', '테디베어코트', '써스데이아일랜드']"
2019-01-03,"['롱패딩', '여성롱패딩', '남자롱패딩', '키즈롱패딩', '여자롱패딩', '몽클레어여성패딩', '여성패딩', '니트원피스', '여자무스탕', '원피스', '핸드메이드코트', '아동롱패딩', '패딩', '여성경량패딩', '무스탕', '여성숏패딩', '테디베어코트', '남자패딩', '밍크코트', '아디다스롱패딩']"
2019-01-04,"['롱패딩', '여성롱패딩', '남자롱패딩', '키즈롱패딩', '몽클레어여성패딩', '여자롱패딩', '여성패딩', '니트원피스', '여자무스탕', '원피스', '핸드메이드코트', '아동롱패딩', '여성경량패딩', '패딩', '여성숏패딩', '무스탕', '테디베어코트', '남자패딩', '보브패딩', '밍크코트']"
2019-01-05,"['롱패딩', '여성롱패딩', '남자롱패딩', '몽클레어여성패딩', '키즈롱패딩', '여자롱패딩', '니트원피스', '여성패딩', '여자무스탕', '원피스', '핸드메이드코트', '여성경량패딩', '여성숏패딩', '아동롱패딩', '패딩', '무스탕', '테디베어코트', '보브패딩', '남자패딩', '써스데이아일랜드']"
2019-01-06,"['롱패딩', '여성롱패딩', '남자롱패딩', '몽클레어여성패딩', '키즈롱패딩', '니트원피스', '여자롱패딩', '여성패딩', '여자무스탕', '원피스', '핸드메이드코트', '여성경량패딩', '여성숏패딩', '무스탕', '패딩', '아동롱패딩', '테디베어코트', '써스데이아일랜드', '여성코트', '보브패딩']"
2019-01-07,"['롱패딩', '여성롱패딩', '남자롱패딩', '몽클레어여성패딩', '니트원피스', '키즈롱패딩', '여자롱패딩', '여성패딩', '원피스', '여자무스탕', '핸드메이드코트', '여성경량패딩', '여성숏패딩', '무스탕', '아동롱패딩', '패딩', '테디베어코트', '써스데이아일랜드', '여성코트', '여성핸드메이드코트']"
2019-01-08,"['롱패딩', '여성롱패딩', '몽클레어여성패딩', '니트원피스', '남자롱패딩', '키즈롱패딩', '여성패딩', '여자롱패딩', '원피스', '핸드메이드코트', '여자무스탕', '여성경량패딩', '여성숏패딩', '테디베어코트', '패딩', '아동롱패딩', '무스탕', '여성체크코트', '쉬즈미스코트', '여성핸드메이드코트']"
2019-01-09,"['롱패딩', '여성롱패딩', '몽클레어여성패딩', '니트원피스', '남자롱패딩', '키즈롱패딩', '원피스', '여성패딩', '여자롱패딩', '핸드메이드코트', '여자무스탕', '여성경량패딩', '여성숏패딩', '테디베어코트', '쉬즈미스코트', '여성체크코트', '여성핸드메이드코트', '패딩', '무스탕', '아동롱패딩']"
2019-01-10,"['롱패딩', '여성롱패딩', '니트원피스', '몽클레어여성패딩', '남자롱패딩', '원피스', '키즈롱패딩', '핸드메이드코트', '여성패딩', '여자롱패딩', '여성경량패딩', '여자무스탕', '여성숏패딩', '테디베어코트', '쉬즈미스코트', '여성핸드메이드코트', '여성체크코트', '여성코트', '무스탕', '패딩']"
2019-01-11,"['롱패딩', '여성롱패딩', '니트원피스', '몽클레어여성패딩', '원피스', '남자롱패딩', '핸드메이드코트', '키즈롱패딩', '여성패딩', '여성경량패딩', '여자롱패딩', '여성숏패딩', '여자무스탕', '쉬즈미스코트', '여성핸드메이드코트', '테디베어코트', '여성체크코트', '여성코트', '패딩', '무스탕']"
2019-01-12,"['롱패딩', '여성롱패딩', '니트원피스', '몽클레어여성패딩', '원피스', '남자롱패딩', '핸드메이드코트', '키즈롱패딩', '여성패딩', '여성경량패딩', '여성숏패딩', '여자롱패딩', '여자무스탕', '쉬즈미스코트', '여성핸드메이드코트', '여성체크코트', '테디베어코트', '여성코트', '패딩', '무스탕']"
2019-01-13,"['롱패딩', '여성롱패딩', '니트원피스', '원피스', '몽클레어여성패딩', '핸드메이드코트', '남자롱패딩', '키즈롱패딩', '여성경량패딩', '여성숏패딩', '여성패딩', '쉬즈미스코트', '여자롱패딩', '여성핸드메이드코트', '여자무스탕', '테디베어코트', '여성코트', '여성체크코트', '패딩', '보브패딩']"
2019-01-14,"['롱패딩', '여성롱패딩', '니트원피스', '원피스', '몽클레어여성패딩', '핸드메이드코트', '여성숏패딩', '키즈롱패딩', '남자롱패딩', '여성경량패딩', '여성패딩', '쉬즈미스코트', '여성핸드메이드코트', '여성코트', '테디베어코트', '여자롱패딩', '여자무스탕', '여성체크코트', '여아한복', '패딩']"
2019-01-15,"['롱패딩', '원피스', '니트원피스', '여성롱패딩', '핸드메이드코트', '몽클레어여성패딩', '여성숏패딩', '여성경량패딩', '키즈롱패딩', '여성핸드메이드코트', '남자롱패딩', '쉬즈미스코트', '여성패딩', '여성코트', '테디베어코트', '여아한복', '여자무스탕', '여자롱패딩', '여성체크코트', '여름원피스']"
2019-01-16,"['롱패딩', '원피스', '핸드메이드코트', '니트원피스', '여성롱패딩', '몽클레어여성패딩', '여성숏패딩', '여성경량패딩', '여성핸드메이드코트', '쉬즈미스코트', '키즈롱패딩', '남자롱패딩', '여성패딩', '여성코트', '여아한복', '테디베어코트', '여자무스탕', '여성체크코트', '써스데이아일랜드원피스', '여자롱패딩']"
2019-01-17,"['롱패딩', '원피스', '핸드메이드코트', '니트원피스', '여성숏패딩', '몽클레어여성패딩', '여성롱패딩', '여성핸드메이드코트', '여성경량패딩', '쉬즈미스코트', '여성패딩', '키즈롱패딩', '여성코트', '여아한복', '남자롱패딩', '테디베어코트', '여름원피스', '여성체크코트', '써스데이아일랜드원피스', '코트']"
2019-01-18,"['원피스', '롱패딩', '핸드메이드코트', '니트원피스', '여성숏패딩', '몽클레어여성패딩', '여성롱패딩', '여성핸드메이드코트', '여성경량패딩', '쉬즈미스코트', '여아한복', '여성패딩', '여성코트', '키즈롱패딩', '남자롱패딩', '테디베어코트', '여성체크코트', '여름원피스', '코트', '롱원피스']"
2019-01-19,"['원피스', '핸드메이드코트', '롱패딩', '니트원피스', '여성숏패딩', '여성롱패딩', '몽클레어여성패딩', '여성핸드메이드코트', '여성경량패딩', '여아한복', '쉬즈미스코트', '여성패딩', '여성코트', '키즈롱패딩', '코트', '남자롱패딩', '롱원피스', '여성체크코트', '여름원피스', '써스데이아일랜드원피스']"
2019-01-20,"['원피스', '핸드메이드코트', '롱패딩', '여성숏패딩', '니트원피스', '여성핸드메이드코트', '여성롱패딩', '몽클레어여성패딩', '여성경량패딩', '여아한복', '여성패딩', '쉬즈미스코트', '여성코트', '키즈롱패딩', '여성체크코트', '롱원피스', '코트', '남자롱패딩', '여름원피스', '써스데이아일랜드원피스']"
2019-01-21,"['원피스', '핸드메이드코트', '롱패딩', '니트원피스', '여성숏패딩', '여성롱패딩', '여성핸드메이드코트', '몽클레어여성패딩', '여아한복', '여성경량패딩', '여성패딩', '쉬즈미스코트', '키즈롱패딩', '여성코트', '여성체크코트', '롱원피스', '남자롱패딩', '모조에스핀코트', '코트', '블라우스']"
2019-01-22,"['원피스', '핸드메이드코트', '롱패딩', '니트원피스', '여성숏패딩', '여성롱패딩', '여아한복', '여성핸드메이드코트', '몽클레어여성패딩', '여성경량패딩', '여성패딩', '쉬즈미스코트', '여성체크코트', '여성코트', '키즈롱패딩', '롱원피스', '남자롱패딩', '모조에스핀코트', '코트', '블라우스']"
2019-01-23,"['핸드메이드코트', '원피스', '롱패딩', '니트원피스', '여성숏패딩', '여아한복', '여성핸드메이드코트', '여성롱패딩', '몽클레어여성패딩', '여성경량패딩', '쉬즈미스코트', '여성패딩', '여성체크코트', '여성코트', '롱원피스', '키즈롱패딩', '남자롱패딩', '코트', '모조에스핀코트', '블라우스']"
2019-01-24,"['핸드메이드코트', '원피스', '여아한복', '롱패딩', '여성숏패딩', '여성핸드메이드코트', '니트원피스', '여성경량패딩', '여성롱패딩', '몽클레어여성패딩', '여성체크코트', '여성코트', '쉬즈미스코트', '여성패딩', '롱원피스', '블라우스', '코트', '모조에스핀코트', '남자롱패딩', '제시뉴욕']"
2019-01-25,"['핸드메이드코트', '원피스', '여아한복', '여성핸드메이드코트', '롱패딩', '여성숏패딩', '니트원피스', '여성경량패딩', '여성롱패딩', '몽클레어여성패딩', '여성코트', '여성체크코트', '쉬즈미스코트', '여성패딩', '롱원피스', '남아한복', '블라우스', '모조에스핀코트', '코트', '올리브데올리브코트']"
2019-01-26,"['핸드메이드코트', '원피스', '여아한복', '롱패딩', '여성핸드메이드코트', '여성숏패딩', '니트원피스', '여성경량패딩', '여성롱패딩', '몽클레어여성패딩', '여성코트', '여성체크코트', '남아한복', '쉬즈미스코트', '블라우스', '롱원피스', '트위드자켓', '여성패딩', '올리브데올리브코트', '코트']"
2019-01-27,"['핸드메이드코트', '원피스', '여아한복', '여성핸드메이드코트', '롱패딩', '여성숏패딩', '니트원피스', '여성경량패딩', '여성롱패딩', '몽클레어여성패딩', '남아한복', '여성코트', '여성체크코트', '쉬즈미스코트', '트위드자켓', '롱원피스', '블라우스', '코트', '올리브데올리브코트', '키즈롱패딩']"
2019-01-28,"['핸드메이드코트', '원피스', '여아한복', '여성핸드메이드코트', '롱패딩', '여성숏패딩', '남아한복', '여성경량패딩', '니트원피스', '여성코트', '여성롱패딩', '몽클레어여성패딩', '트위드자켓', '여성체크코트', '쉬즈미스코트', '롱원피스', '올리브데올리브코트', '코트', '블라우스', '여성패딩']"
2019-01-29,"['핸드메이드코트', '원피스', '여아한복', '여성핸드메이드코트', '여성숏패딩', '롱패딩', '여성경량패딩', '남아한복', '니트원피스', '트위드자켓', '여성코트', '여성롱패딩', '몽클레어여성패딩', '쉬즈미스코트', '여성체크코트', '롱원피스', '올리브데올리브코트', '코트', '블라우스', '여성패딩']"
2019-01-30,"['핸드메이드코트', '원피스', '여아한복', '여성핸드메이드코트', '여성숏패딩', '여성경량패딩', '남아한복', '니트원피스', '롱패딩', '트위드자켓', '여성코트', '몽클레어여성패딩', '여성롱패딩', '롱원피스', '쉬즈미스코트', '여성체크코트', '블라우스', '써스데이아일랜드원피스', '코트', '여성패딩']"
2019-01-31,"['핸드메이드코트', '원피스', '여아한복', '여성핸드메이드코트', '여성숏패딩', '여성경량패딩', '롱패딩', '트위드자켓', '니트원피스', '남아한복', '몽클레어여성패딩', '쉬즈미스코트', '여성롱패딩', '여성코트', '여성체크코트', '롱원피스', '블라우스', '써스데이아일랜드원피스', '여성패딩', '코트']"
2019-02-01,"['핸드메이드코트', '원피스', '여아한복', '여성핸드메이드코트', '여성숏패딩', '여성경량패딩', '트위드자켓', '롱패딩', '니트원피스', '몽클레어여성패딩', '여성롱패딩', '쉬즈미스코트', '여성코트', '롱원피스', '남아한복', '여성체크코트', '블라우스', '여성패딩', '써스데이아일랜드원피스', '써스데이아일랜드']"
2019-02-02,"['핸드메이드코트', '원피스', '여성핸드메이드코트', '여아한복', '여성경량패딩', '트위드자켓', '여성숏패딩', '롱패딩', '니트원피스', '쉬즈미스코트', '몽클레어여성패딩', '여성코트', '여성롱패딩', '롱원피스', '여성체크코트', '써스데이아일랜드원피스', '블라우스', '여성패딩', '남아한복', '온앤온코트']"
2019-02-03,"['원피스', '핸드메이드코트', '여성핸드메이드코트', '트위드자켓', '여성경량패딩', '여성숏패딩', '롱패딩', '쉬즈미스코트', '여아한복', '몽클레어여성패딩', '롱원피스', '니트원피스', '여성체크코트', '여성코트', '블라우스', '써스데이아일랜드원피스', '여성롱패딩', '여성패딩', '써스데이아일랜드', '온앤온코트']"
2019-02-04,"['원피스', '핸드메이드코트', '트위드자켓', '여성핸드메이드코트', '여성경량패딩', '여성숏패딩', '롱패딩', '쉬즈미스코트', '몽클레어여성패딩', '여성코트', '블라우스', '롱원피스', '여성체크코트', '써스데이아일랜드원피스', '니트원피스', '여성롱패딩', '제시뉴욕', '여성패딩', '써스데이아일랜드', '온앤온코트']"
2019-02-05,"['원피스', '핸드메이드코트', '트위드자켓', '여성핸드메이드코트', '여성경량패딩', '블라우스', '롱패딩', '몽클레어여성패딩', '여성코트', '여성숏패딩', '쉬즈미스코트', '여성체크코트', '써스데이아일랜드원피스', '롱원피스', '제시뉴욕', '니트원피스', '써스데이아일랜드', '코트', '여성패딩', '여성롱패딩']"
2019-02-06,"['원피스', '핸드메이드코트', '트위드자켓', '여성경량패딩', '여성핸드메이드코트', '블라우스', '롱패딩', '여성코트', '몽클레어여성패딩', '쉬즈미스코트', '여성체크코트', '여성숏패딩', '롱원피스', '써스데이아일랜드원피스', '제시뉴욕', '써스데이아일랜드', '코트', '여성롱패딩', '니트원피스', '여성패딩']"
2019-02-07,"['원피스', '핸드메이드코트', '트위드자켓', '여성경량패딩', '여성핸드메이드코트', '블라우스', '롱패딩', '여성코트', '쉬즈미스코트', '몽클레어여성패딩', '써스데이아일랜드원피스', '롱원피스', '여성체크코트', '여성숏패딩', '코트', '써스데이아일랜드', '제시뉴욕', '온앤온코트', '여성롱패딩', '여성패딩']"
2019-02-08,"['원피스', '핸드메이드코트', '트위드자켓', '여성경량패딩', '여성핸드메이드코트', '블라우스', '롱패딩', '여성코트', '쉬즈미스코트', '롱원피스', '써스데이아일랜드원피스', '몽클레어여성패딩', '여성체크코트', '여성숏패딩', '코트', '제시뉴욕', '여성패딩', '써스데이아일랜드', '온앤온코트', '니트원피스']"
2019-02-09,"['원피스', '핸드메이드코트', '트위드자켓', '여성경량패딩', '여성핸드메이드코트', '블라우스', '롱패딩', '여성코트', '롱원피스', '쉬즈미스코트', '써스데이아일랜드원피스', '몽클레어여성패딩', '여성숏패딩', '여성체크코트', '여성패딩', '써스데이아일랜드', '코트', '제시뉴욕', '여성롱패딩', '모조에스핀원피스']"
2019-02-10,"['원피스', '핸드메이드코트', '트위드자켓', '여성경량패딩', '블라우스', '여성핸드메이드코트', '롱패딩', '여성코트', '롱원피스', '써스데이아일랜드원피스', '쉬즈미스코트', '여성패딩', '여성숏패딩', '몽클레어여성패딩', '여성롱패딩', '여성체크코트', '제시뉴욕', '써스데이아일랜드', '코트', '나이스클랍코트']"
2019-02-11,"['원피스', '핸드메이드코트', '여성경량패딩', '트위드자켓', '여성핸드메이드코트', '블라우스', '롱패딩', '여성코트', '롱원피스', '여성패딩', '쉬즈미스코트', '써스데이아일랜드원피스', '여성숏패딩', '여성롱패딩', '몽클레어여성패딩', '여성체크코트', '코트', '써스데이아일랜드', '모조에스핀원피스', '제시뉴욕']"
2019-02-12,"['원피스', '핸드메이드코트', '여성경량패딩', '트위드자켓', '여성핸드메이드코트', '블라우스', '롱패딩', '여성코트', '롱원피스', '여성숏패딩', '쉬즈미스코트', '써스데이아일랜드원피스', '여성패딩', '여성롱패딩', '몽클레어여성패딩', '모조에스핀코트', '제시뉴욕', '여성체크코트', '모조에스핀원피스', '써스데이아일랜드']"
2019-02-13,"['원피스', '핸드메이드코트', '트위드자켓', '여성경량패딩', '여성핸드메이드코트', '블라우스', '롱패딩', '여성코트', '롱원피스', '여성패딩', '써스데이아일랜드원피스', '여성롱패딩', '쉬즈미스코트', '여성숏패딩', '모조에스핀코트', '제시뉴욕', '몽클레어여성패딩', '모조에스핀원피스', '여름원피스', '코트']"
2019-02-14,"['원피스', '핸드메이드코트', '트위드자켓', '여성경량패딩', '여성핸드메이드코트', '블라우스', '롱패딩', '여성코트', '롱원피스', '여성패딩', '여성롱패딩', '써스데이아일랜드원피스', '모조에스핀코트', '쉬즈미스코트', '여성숏패딩', '제시뉴욕', '모조에스핀원피스', '여름원피스', '몽클레어여성패딩', '코트']"
2019-02-15,"['원피스', '핸드메이드코트', '트위드자켓', '여성경량패딩', '여성핸드메이드코트', '블라우스', '롱패딩', '여성코트', '롱원피스', '모조에스핀코트', '여성롱패딩', '여성패딩', '써스데이아일랜드원피스', '쉬즈미스코트', '제시뉴욕', '여성숏패딩', '모조에스핀원피스', '여름원피스', '코트', '몽클레어여성패딩']"
2019-02-16,"['원피스', '핸드메이드코트', '트위드자켓', '여성경량패딩', '여성핸드메이드코트', '블라우스', '롱패딩', '롱원피스', '여성코트', '모조에스핀코트', '제시뉴욕', '써스데이아일랜드원피스', '여성패딩', '모조에스핀원피스', '쉬즈미스코트', '여성롱패딩', '여성숏패딩', '모조에스핀', '코트', '여름원피스']"
2019-02-17,"['원피스', '트위드자켓', '핸드메이드코트', '여성경량패딩', '블라우스', '여성핸드메이드코트', '롱패딩', '롱원피스', '여성코트', '모조에스핀코트', '제시뉴욕', '쉬즈미스코트', '여성패딩', '모조에스핀원피스', '써스데이아일랜드원피스', '여성숏패딩', '여성롱패딩', '코트', '모조에스핀', '여성체크코트']"
2019-02-18,"['트위드자켓', '원피스', '핸드메이드코트', '여성경량패딩', '블라우스', '여성핸드메이드코트', '롱패딩', '롱원피스', '여성코트', '제시뉴욕', '모조에스핀코트', '쉬즈미스코트', '여성숏패딩', '여자트렌치코트', '써스데이아일랜드원피스', '여성패딩', '모조에스핀원피스', '코트', '여성롱패딩', '여성체크코트']"
2019-02-19,"['트위드자켓', '원피스', '핸드메이드코트', '여성경량패딩', '블라우스', '여성핸드메이드코트', '롱패딩', '여성코트', '롱원피스', '제시뉴욕', '모조에스핀코트', '쉬즈미스코트', '여자트렌치코트', '여성숏패딩', '모조에스핀원피스', '여성패딩', '여성체크코트', '써스데이아일랜드원피스', '코트', '여성가디건']"
2019-02-20,"['트위드자켓', '원피스', '핸드메이드코트', '여성경량패딩', '여성핸드메이드코트', '블라우스', '여성코트', '롱원피스', '제시뉴욕', '롱패딩', '여자트렌치코트', '모조에스핀코트', '쉬즈미스코트', '여성숏패딩', '트렌치코트', '여성체크코트', '여성가디건', '코트', '모조에스핀원피스', '모조에스핀']"
2019-02-21,"['트위드자켓', '핸드메이드코트', '원피스', '여성경량패딩', '여성핸드메이드코트', '블라우스', '롱원피스', '여성코트', '제시뉴욕', '여자트렌치코트', '롱패딩', '모조에스핀코트', '여성숏패딩', '트렌치코트', '쉬즈미스코트', '여성체크코트', '모조에스핀', '코트', '모조에스핀원피스', '여성가디건']"
2019-02-22,"['트위드자켓', '원피스', '핸드메이드코트', '여성경량패딩', '여성핸드메이드코트', '블라우스', '여자트렌치코트', '롱원피스', '여성코트', '제시뉴욕', '모조에스핀코트', '롱패딩', '트렌치코트', '여성숏패딩', '여성체크코트', '여성가디건', '쉬즈미스코트', '모조에스핀', '코트', '모조에스핀원피스']"
2019-02-23,"['트위드자켓', '원피스', '핸드메이드코트', '여성경량패딩', '여성핸드메이드코트', '블라우스', '여자트렌치코트', '롱원피스', '여성코트', '제시뉴욕', '트렌치코트', '여성가디건', '여성숏패딩', '모조에스핀코트', '여성체크코트', '모조에스핀', '롱패딩', '레노마레이디', '쉬즈미스코트', '코트']"
2019-02-24,"['트위드자켓', '원피스', '여성경량패딩', '핸드메이드코트', '여성핸드메이드코트', '블라우스', '여자트렌치코트', '여성코트', '롱원피스', '트렌치코트', '제시뉴욕', '여성가디건', '레노마레이디', '모조에스핀', '여성숏패딩', '쥬시쥬디', '여성자켓', '코트', '써스데이아일랜드원피스', '여성체크코트']"
2019-02-25,"['트위드자켓', '여성경량패딩', '원피스', '핸드메이드코트', '여성핸드메이드코트', '여자트렌치코트', '블라우스', '롱원피스', '여성코트', '트렌치코트', '제시뉴욕', '여성가디건', '레노마레이디', '모조에스핀', '쥬시쥬디', '여성자켓', '써스데이아일랜드원피스', '코트', '여성숏패딩', '모조에스핀원피스']"
2019-02-26,"['트위드자켓', '여성경량패딩', '원피스', '핸드메이드코트', '여성핸드메이드코트', '여자트렌치코트', '블라우스', '롱원피스', '트렌치코트', '여성코트', '여성가디건', '제시뉴욕', '레노마레이디', '여성자켓', '쥬시쥬디', '모조에스핀', '써스데이아일랜드원피스', '코트', '에고이스트', '여성숏패딩']"
2019-02-27,"['여성경량패딩', '트위드자켓', '원피스', '핸드메이드코트', '여자트렌치코트', '여성핸드메이드코트', '블라우스', '롱원피스', '트렌치코트', '여성코트', '여성가디건', '제시뉴욕', '레노마레이디', '여성자켓', '쥬시쥬디', '모조에스핀', '써스데이아일랜드원피스', '쉬폰원피스', '에고이스트', '써스데이아일랜드']"
2019-02-28,"['여성경량패딩', '트위드자켓', '원피스', '핸드메이드코트', '여자트렌치코트', '여성핸드메이드코트', '블라우스', '롱원피스', '트렌치코트', '여성코트', '여성가디건', '제시뉴욕', '레노마레이디', '여성자켓', '쥬시쥬디', '써스데이아일랜드원피스', '쉬폰원피스', '모조에스핀', '에고이스트', '써스데이아일랜드']"
2019-03-01,"['여성경량패딩', '트위드자켓', '원피스', '핸드메이드코트', '여자트렌치코트', '블라우스', '여성핸드메이드코트', '트렌치코트', '롱원피스', '여성가디건', '여성코트', '제시뉴욕', '여성자켓', '레노마레이디', '써스데이아일랜드원피스', '쉬폰원피스', '쥬시쥬디', '모조에스핀', '써스데이아일랜드', '후드집업']"
2019-03-02,"['여성경량패딩', '트위드자켓', '원피스', '여자트렌치코트', '핸드메이드코트', '블라우스', '트렌치코트', '여성핸드메이드코트', '롱원피스', '여성가디건', '제시뉴욕', '쉬폰원피스', '여성자켓', '레노마레이디', '여성코트', '써스데이아일랜드원피스', '후드집업', '쥬시쥬디', '모조에스핀', '여성야상점퍼']"
2019-03-03,"['여성경량패딩', '트위드자켓', '원피스', '여자트렌치코트', '블라우스', '핸드메이드코트', '트렌치코트', '롱원피스', '여성가디건', '여성핸드메이드코트', '쉬폰원피스', '제시뉴욕', '여성자켓', '후드집업', '써스데이아일랜드원피스', '여성야상점퍼', '레노마레이디', '키즈경량패딩', '쥬시쥬디', '남자트렌치코트']"
2019-03-04,"['트위드자켓', '여성경량패딩', '원피스', '여자트렌치코트', '블라우스', '트렌치코트', '핸드메이드코트', '롱원피스', '여성가디건', '여성핸드메이드코트', '후드집업', '쉬폰원피스', '여성자켓', '키즈경량패딩', '제시뉴욕', '여성야상점퍼', '써스데이아일랜드원피스', '남자트렌치코트', '레노마레이디', '쥬시쥬디']"
2019-03-05,"['트위드자켓', '여성경량패딩', '원피스', '여자트렌치코트', '블라우스', '트렌치코트', '롱원피스', '여성가디건', '핸드메이드코트', '후드집업', '쉬폰원피스', '키즈경량패딩', '여성자켓', '여성핸드메이드코트', '제시뉴욕', '여성야상점퍼', '남자트렌치코트', '써스데이아일랜드원피스', '레노마레이디', '쥬시쥬디']"
2019-03-06,"['트위드자켓', '원피스', '여성경량패딩', '여자트렌치코트', '블라우스', '트렌치코트', '롱원피스', '후드집업', '여성가디건', '쉬폰원피스', '핸드메이드코트', '여성자켓', '여성야상점퍼', '제시뉴욕', '남자트렌치코트', '키즈경량패딩', '써스데이아일랜드원피스', '여성핸드메이드코트', '가디건', '레노마레이디']"
2019-03-07,"['트위드자켓', '원피스', '여성경량패딩', '여자트렌치코트', '블라우스', '트렌치코트', '후드집업', '롱원피스', '여성가디건', '쉬폰원피스', '여성자켓', '핸드메이드코트', '여성야상점퍼', '남자트렌치코트', '제시뉴욕', '써스데이아일랜드원피스', '쥬시쥬디', '가디건', '키즈경량패딩', '여성핸드메이드코트']"
2019-03-08,"['트위드자켓', '원피스', '여자트렌치코트', '여성경량패딩', '블라우스', '트렌치코트', '후드집업', '롱원피스', '여성가디건', '쉬폰원피스', '여성자켓', '여성야상점퍼', '핸드메이드코트', '남자트렌치코트', '제시뉴욕', '써스데이아일랜드원피스', '가디건', '쥬시쥬디', '여성트렌치코트', '여성핸드메이드코트']"
2019-03-09,"['트위드자켓', '원피스', '여자트렌치코트', '여성경량패딩', '블라우스', '트렌치코트', '후드집업', '롱원피스', '여성가디건', '여성자켓', '쉬폰원피스', '여성야상점퍼', '남자트렌치코트', '핸드메이드코트', '제시뉴욕', '써스데이아일랜드원피스', '쥬시쥬디', '여성트렌치코트', '가디건', '롱스커트']"
2019-03-10,"['원피스', '트위드자켓', '여자트렌치코트', '블라우스', '여성경량패딩', '트렌치코트', '후드집업', '롱원피스', '여성가디건', '여성자켓', '쉬폰원피스', '여성야상점퍼', '남자트렌치코트', '써스데이아일랜드원피스', '제시뉴욕', '여성트렌치코트', '쥬시쥬디', '핸드메이드코트', '가디건', '에고이스트']"
2019-03-11,"['원피스', '트위드자켓', '여자트렌치코트', '블라우스', '트렌치코트', '여성경량패딩', '후드집업', '롱원피스', '여성가디건', '여성자켓', '여성야상점퍼', '쉬폰원피스', '남자트렌치코트', '써스데이아일랜드원피스', '여성트렌치코트', '쥬시쥬디', '제시뉴욕', '핸드메이드코트', '가디건', '에고이스트']"
2019-03-12,"['원피스', '트위드자켓', '여자트렌치코트', '블라우스', '여성경량패딩', '트렌치코트', '후드집업', '여성가디건', '롱원피스', '여성자켓', '여성야상점퍼', '쉬폰원피스', '남자트렌치코트', '여성트렌치코트', '써스데이아일랜드원피스', '제시뉴욕', '쥬시쥬디', '가디건', '핸드메이드코트', '에고이스트']"
2019-03-13,"['원피스', '여자트렌치코트', '트위드자켓', '블라우스', '트렌치코트', '여성경량패딩', '후드집업', '롱원피스', '여성가디건', '여성자켓', '여성야상점퍼', '여성트렌치코트', '쉬폰원피스', '남자트렌치코트', '써스데이아일랜드원피스', '제시뉴욕', '쥬시쥬디', '핸드메이드코트', '가디건', '에고이스트']"
2019-03-14,"['원피스', '여자트렌치코트', '트위드자켓', '트렌치코트', '블라우스', '여성경량패딩', '롱원피스', '후드집업', '여성가디건', '여성자켓', '여성야상점퍼', '여성트렌치코트', '써스데이아일랜드원피스', '남자트렌치코트', '쉬폰원피스', '제시뉴욕', '쥬시쥬디', '에고이스트', '핸드메이드코트', '가디건']"
2019-03-15,"['원피스', '여자트렌치코트', '트위드자켓', '블라우스', '트렌치코트', '여성경량패딩', '롱원피스', '후드집업', '여성가디건', '여성자켓', '여성야상점퍼', '여성트렌치코트', '써스데이아일랜드원피스', '남자트렌치코트', '쉬폰원피스', '쥬시쥬디', '제시뉴욕', '핸드메이드코트', '에고이스트', '모조에스핀']"
2019-03-16,"['원피스', '여자트렌치코트', '트위드자켓', '블라우스', '트렌치코트', '여성경량패딩', '롱원피스', '후드집업', '여성가디건', '여성자켓', '여성야상점퍼', '여성트렌치코트', '쉬폰원피스', '써스데이아일랜드원피스', '제시뉴욕', '핸드메이드코트', '쥬시쥬디', '남자트렌치코트', '모조에스핀', '여자청자켓']"
2019-03-17,"['원피스', '여자트렌치코트', '트위드자켓', '블라우스', '트렌치코트', '여성경량패딩', '롱원피스', '후드집업', '여성가디건', '여성자켓', '여성야상점퍼', '여성트렌치코트', '쉬폰원피스', '제시뉴욕', '써스데이아일랜드원피스', '핸드메이드코트', '모조에스핀', '여자청자켓', '쥬시쥬디', '남자트렌치코트']"
2019-03-18,"['원피스', '여자트렌치코트', '트위드자켓', '블라우스', '트렌치코트', '롱원피스', '여성경량패딩', '후드집업', '여성가디건', '여성자켓', '여성야상점퍼', '쉬폰원피스', '제시뉴욕', '여성트렌치코트', '써스데이아일랜드원피스', '롱스커트', '모조에스핀', '여자청자켓', '핸드메이드코트', '남자트렌치코트']"
2019-03-19,"['원피스', '여자트렌치코트', '블라우스', '트위드자켓', '트렌치코트', '롱원피스', '여성경량패딩', '후드집업', '여성가디건', '여성자켓', '여성야상점퍼', '쉬폰원피스', '써스데이아일랜드원피스', '여성트렌치코트', '제시뉴욕', '롱스커트', '여자청자켓', '모조에스핀', '남자트렌치코트', '써스데이아일랜드']"
2019-03-20,"['원피스', '여자트렌치코트', '블라우스', '트위드자켓', '트렌치코트', '롱원피스', '후드집업', '여성가디건', '여성경량패딩', '여성자켓', '아디다스깔깔이', '여성야상점퍼', '써스데이아일랜드원피스', '쉬폰원피스', '여자청자켓', '롱스커트', '제시뉴욕', '여성트렌치코트', '남자트렌치코트', '모조에스핀']"
2019-03-21,"['원피스', '여자트렌치코트', '블라우스', '트렌치코트', '트위드자켓', '롱원피스', '여성가디건', '후드집업', '여성경량패딩', '아디다스깔깔이', '여성자켓', '쉬폰원피스', '여성야상점퍼', '써스데이아일랜드원피스', '여자청자켓', '롱스커트', '제시뉴욕', '남자트렌치코트', '여성트렌치코트', '모조에스핀원피스']"
2019-03-22,"['원피스', '여자트렌치코트', '블라우스', '트렌치코트', '트위드자켓', '롱원피스', '후드집업', '여성가디건', '아디다스깔깔이', '여성자켓', '여성경량패딩', '쉬폰원피스', '여성야상점퍼', '써스데이아일랜드원피스', '여자청자켓', '롱스커트', '제시뉴욕', '남자트렌치코트', '써스데이아일랜드', '모조에스핀원피스']"
2019-03-23,"['원피스', '여자트렌치코트', '블라우스', '트렌치코트', '트위드자켓', '롱원피스', '후드집업', '여성가디건', '아디다스깔깔이', '여성경량패딩', '여성자켓', '써스데이아일랜드원피스', '쉬폰원피스', '여성야상점퍼', '롱스커트', '여자청자켓', '제시뉴욕', '남자트렌치코트', '써스데이아일랜드', '모조에스핀원피스']"
2019-03-24,"['원피스', '여자트렌치코트', '블라우스', '트렌치코트', '롱원피스', '트위드자켓', '후드집업', '아디다스깔깔이', '여성가디건', '여성경량패딩', '여성자켓', '롱스커트', '써스데이아일랜드원피스', '여성야상점퍼', '쉬폰원피스', '써스데이아일랜드', '여자청자켓', '제시뉴욕', '남자트렌치코트', '모조에스핀원피스']"
2019-03-25,"['원피스', '여자트렌치코트', '블라우스', '트렌치코트', '롱원피스', '트위드자켓', '후드집업', '아디다스깔깔이', '여성가디건', '여성경량패딩', '여성자켓', '써스데이아일랜드원피스', '롱스커트', '여성야상점퍼', '쉬폰원피스', '써스데이아일랜드', '여자청자켓', '제시뉴욕', '쥬시쥬디', '남자트렌치코트']"
2019-03-26,"['원피스', '여자트렌치코트', '블라우스', '트렌치코트', '롱원피스', '트위드자켓', '아디다스깔깔이', '후드집업', '여성가디건', '여성경량패딩', '여성자켓', '여성야상점퍼', '쉬폰원피스', '써스데이아일랜드원피스', '롱스커트', '써스데이아일랜드', '여자청자켓', '제시뉴욕', '쥬시쥬디', '남자트렌치코트']"
2019-03-27,"['원피스', '여자트렌치코트', '블라우스', '롱원피스', '트렌치코트', '트위드자켓', '후드집업', '여성가디건', '여성야상점퍼', '여성경량패딩', '여성자켓', '롱스커트', '써스데이아일랜드', '써스데이아일랜드원피스', '쉬폰원피스', '여자청자켓', '제시뉴욕', '쥬시쥬디', '모조에스핀원피스', '여성티셔츠']"
2019-03-28,"['원피스', '블라우스', '여자트렌치코트', '롱원피스', '트렌치코트', '트위드자켓', '후드집업', '여성가디건', '여성야상점퍼', '여성자켓', '여성경량패딩', '롱스커트', '써스데이아일랜드원피스', '써스데이아일랜드', '쉬폰원피스', '여자청자켓', '제시뉴욕', '쥬시쥬디', '모조에스핀원피스', '여성티셔츠']"
2019-03-29,"['원피스', '블라우스', '여자트렌치코트', '롱원피스', '트렌치코트', '트위드자켓', '후드집업', '여성가디건', '여성야상점퍼', '롱스커트', '써스데이아일랜드원피스', '여성자켓', '여성경량패딩', '쉬폰원피스', '여자청자켓', '써스데이아일랜드', '여성티셔츠', '제시뉴욕', '쥬시쥬디', '에고이스트']"
2019-03-30,"['원피스', '블라우스', '여자트렌치코트', '롱원피스', '트렌치코트', '트위드자켓', '후드집업', '여성가디건', '여성야상점퍼', '롱스커트', '여성자켓', '써스데이아일랜드원피스', '여자청자켓', '쉬폰원피스', '써스데이아일랜드', '여성경량패딩', '여성티셔츠', '쥬시쥬디', '제시뉴욕', '가디건']"
2019-03-31,"['원피스', '블라우스', '여자트렌치코트', '롱원피스', '트렌치코트', '트위드자켓', '후드집업', '여성가디건', '여성야상점퍼', '롱스커트', '여성자켓', '써스데이아일랜드원피스', '여자청자켓', '쉬폰원피스', '여성티셔츠', '써스데이아일랜드', '여성경량패딩', '쥬시쥬디', '에고이스트', '제시뉴욕']"
2019-04-01,"['원피스', '블라우스', '여자트렌치코트', '롱원피스', '트렌치코트', '트위드자켓', '후드집업', '롱스커트', '여성가디건', '여성야상점퍼', '여성자켓', '써스데이아일랜드원피스', '여자청자켓', '쉬폰원피스', '여성티셔츠', '써스데이아일랜드', '여성경량패딩', '쥬시쥬디', '에고이스트', '제시뉴욕']"
2019-04-02,"['원피스', '블라우스', '롱원피스', '여자트렌치코트', '트렌치코트', '후드집업', '여성가디건', '롱스커트', '트위드자켓', '여성야상점퍼', '여성자켓', '써스데이아일랜드원피스', '여자청자켓', '여성경량패딩', '여성티셔츠', '쉬폰원피스', '써스데이아일랜드', '쥬시쥬디', '에고이스트', '제시뉴욕']"
2019-04-03,"['원피스', '블라우스', '롱원피스', '여자트렌치코트', '트렌치코트', '후드집업', '여성가디건', '롱스커트', '트위드자켓', '여성야상점퍼', '여성경량패딩', '써스데이아일랜드원피스', '여성자켓', '여자청자켓', '여성티셔츠', '쉬폰원피스', '써스데이아일랜드', '쥬시쥬디', '제시뉴욕', '에고이스트']"
2019-04-04,"['원피스', '블라우스', '롱원피스', '여자트렌치코트', '트렌치코트', '후드집업', '여성가디건', '여성야상점퍼', '롱스커트', '여성경량패딩', '트위드자켓', '써스데이아일랜드원피스', '여성자켓', '여자청자켓', '쉬폰원피스', '여성티셔츠', '써스데이아일랜드', '에고이스트', '제시뉴욕', '쥬시쥬디']"
2019-04-05,"['원피스', '블라우스', '롱원피스', '여자트렌치코트', '트렌치코트', '후드집업', '여성가디건', '롱스커트', '여성야상점퍼', '여성경량패딩', '써스데이아일랜드원피스', '트위드자켓', '써스데이아일랜드', '여성자켓', '여자청자켓', '쉬폰원피스', '여성티셔츠', '에고이스트', '쥬시쥬디', '제시뉴욕']"
2019-04-06,"['원피스', '블라우스', '롱원피스', '여자트렌치코트', '트렌치코트', '후드집업', '여성가디건', '롱스커트', '여성야상점퍼', '써스데이아일랜드원피스', '여성경량패딩', '써스데이아일랜드', '쉬폰원피스', '트위드자켓', '여자청자켓', '여성자켓', '여성티셔츠', '에고이스트', '쥬시쥬디', '제시뉴욕']"
2019-04-07,"['원피스', '블라우스', '롱원피스', '여자트렌치코트', '트렌치코트', '롱스커트', '여성가디건', '써스데이아일랜드원피스', '여성야상점퍼', '후드집업', '쉬폰원피스', '써스데이아일랜드', '여성티셔츠', '여자청자켓', '트위드자켓', '여성자켓', '여성경량패딩', '에고이스트', '쥬시쥬디', '제시뉴욕']"
2019-04-08,"['원피스', '블라우스', '롱원피스', '여자트렌치코트', '트렌치코트', '여성가디건', '롱스커트', '쉬폰원피스', '써스데이아일랜드원피스', '여성야상점퍼', '써스데이아일랜드', '후드집업', '여자청자켓', '여성티셔츠', '여성자켓', '트위드자켓', '에고이스트', '쥬시쥬디', '여성경량패딩', '제시뉴욕']"
2019-04-09,"['원피스', '블라우스', '롱원피스', '여자트렌치코트', '트렌치코트', '쉬폰원피스', '롱스커트', '써스데이아일랜드원피스', '여성가디건', '여성야상점퍼', '여자청자켓', '써스데이아일랜드', '여성티셔츠', '후드집업', '여성자켓', '트위드자켓', '에고이스트', '쥬시쥬디', '제시뉴욕', '모조에스핀원피스']"
2019-04-10,"['원피스', '블라우스', '롱원피스', '여자트렌치코트', '트렌치코트', '롱스커트', '써스데이아일랜드원피스', '쉬폰원피스', '여성가디건', '여자청자켓', '써스데이아일랜드', '여성야상점퍼', '여성티셔츠', '후드집업', '여성자켓', '에고이스트', '트위드자켓', '쥬시쥬디', '제시뉴욕', '남성트레이닝세트']"
2019-04-11,"['원피스', '롱원피스', '블라우스', '여자트렌치코트', '써스데이아일랜드원피스', '롱스커트', '트렌치코트', '쉬폰원피스', '여성가디건', '여자청자켓', '여성야상점퍼', '써스데이아일랜드', '여성티셔츠', '후드집업', '여성자켓', '트위드자켓', '쥬시쥬디', '에고이스트', '제시뉴욕', '남성트레이닝세트']"
2019-04-12,"['원피스', '롱원피스', '블라우스', '여자트렌치코트', '써스데이아일랜드원피스', '롱스커트', '쉬폰원피스', '여자청자켓', '트렌치코트', '여성가디건', '여성야상점퍼', '써스데이아일랜드', '여성티셔츠', '후드집업', '여성자켓', '트위드자켓', '쥬시쥬디', '제시뉴욕', '여성린넨자켓', '에고이스트']"
2019-04-13,"['원피스', '롱원피스', '블라우스', '여자트렌치코트', '써스데이아일랜드원피스', '롱스커트', '여자청자켓', '트렌치코트', '여성가디건', '쉬폰원피스', '여성야상점퍼', '써스데이아일랜드', '여성티셔츠', '후드집업', '여성자켓', '여성린넨자켓', '쥬시쥬디', '제시뉴욕', '에고이스트', '트위드자켓']"
2019-04-14,"['원피스', '롱원피스', '블라우스', '여자트렌치코트', '써스데이아일랜드원피스', '롱스커트', '여성가디건', '여자청자켓', '트렌치코트', '여성야상점퍼', '써스데이아일랜드', '쉬폰원피스', '여성린넨자켓', '여성티셔츠', '후드집업', '여성자켓', '제시뉴욕', '쥬시쥬디', '에고이스트', '트위드자켓']"
2019-04-15,"['원피스', '롱원피스', '블라우스', '여자트렌치코트', '써스데이아일랜드원피스', '롱스커트', '여성가디건', '트렌치코트', '여성야상점퍼', '여자청자켓', '여성린넨자켓', '써스데이아일랜드', '여성티셔츠', '후드집업', '여성자켓', '쉬폰원피스', '제시뉴욕', '쥬시쥬디', '에고이스트', '트위드자켓']"
2019-04-16,"['원피스', '롱원피스', '블라우스', '여자트렌치코트', '롱스커트', '여성린넨자켓', '써스데이아일랜드원피스', '여성가디건', '트렌치코트', '여성야상점퍼', '여자청자켓', '여성티셔츠', '써스데이아일랜드', '여성자켓', '후드집업', '쉬폰원피스', '제시뉴욕', '쥬시쥬디', '에고이스트', '트위드자켓']"
2019-04-17,"['원피스', '블라우스', '롱원피스', '여성린넨자켓', '롱스커트', '써스데이아일랜드원피스', '여자트렌치코트', '여성가디건', '트렌치코트', '여성티셔츠', '여자청자켓', '여성야상점퍼', '쉬폰원피스', '써스데이아일랜드', '여성자켓', '후드집업', '제시뉴욕', '쥬시쥬디', '에고이스트', '모조에스핀원피스']"
2019-04-18,"['원피스', '블라우스', '롱원피스', '여성린넨자켓', '롱스커트', '써스데이아일랜드원피스', '여자트렌치코트', '여성티셔츠', '여성가디건', '여자청자켓', '트렌치코트', '써스데이아일랜드', '쉬폰원피스', '여성자켓', '여성야상점퍼', '제시뉴욕', '에고이스트', '후드집업', '쥬시쥬디', '모조에스핀원피스']"
2019-04-19,"['원피스', '블라우스', '롱원피스', '여성린넨자켓', '롱스커트', '써스데이아일랜드원피스', '여성티셔츠', '여성가디건', '여자트렌치코트', '여자청자켓', '쉬폰원피스', '제시뉴욕', '써스데이아일랜드', '여성자켓', '트렌치코트', '에고이스트', '여성야상점퍼', '쥬시쥬디', '모조에스핀원피스', '후드집업']"
2019-04-20,"['원피스', '블라우스', '롱원피스', '여성린넨자켓', '롱스커트', '써스데이아일랜드원피스', '여성티셔츠', '여성가디건', '쉬폰원피스', '제시뉴욕', '여자트렌치코트', '여자청자켓', '여성자켓', '여성바람막이점퍼', '써스데이아일랜드', '에고이스트', '여성야상점퍼', '쥬시쥬디', '모조에스핀원피스', '트렌치코트']"
2019-04-21,"['원피스', '여성린넨자켓', '블라우스', '롱원피스', '롱스커트', '써스데이아일랜드원피스', '여성티셔츠', '쉬폰원피스', '여성바람막이점퍼', '여성가디건', '써스데이아일랜드', '여성자켓', '여자청자켓', '제시뉴욕', '에고이스트', '쥬시쥬디', '린넨자켓', '남자반팔티', '여자트렌치코트', '여성야상점퍼']"
2019-04-22,"['원피스', '여성린넨자켓', '롱원피스', '블라우스', '롱스커트', '써스데이아일랜드원피스', '여성티셔츠', '여성바람막이점퍼', '쉬폰원피스', '남자반팔티', '린넨자켓', '여성가디건', '에고이스트', '써스데이아일랜드', '제시뉴욕', '쥬시쥬디', '여성자켓', '여자청자켓', '여성원피스', '임블리']"
2019-04-23,"['원피스', '여성린넨자켓', '롱원피스', '블라우스', '롱스커트', '써스데이아일랜드원피스', '여성티셔츠', '여성바람막이점퍼', '남자반팔티', '쉬폰원피스', '린넨자켓', '여성가디건', '쥬시쥬디', '에고이스트', '제시뉴욕', '써스데이아일랜드', '여성원피스', '임블리', '여성자켓', '여자청자켓']"
2019-04-24,"['원피스', '여성린넨자켓', '롱원피스', '블라우스', '남자반팔티', '여성바람막이점퍼', '롱스커트', '여성티셔츠', '써스데이아일랜드원피스', '쉬폰원피스', '린넨자켓', '에고이스트', '쥬시쥬디', '써스데이아일랜드', '여성가디건', '여성원피스', '제시뉴욕', '임블리', '여성반팔티셔츠', '여성자켓']"
2019-04-25,"['원피스', '여성린넨자켓', '롱원피스', '블라우스', '남자반팔티', '여성바람막이점퍼', '롱스커트', '써스데이아일랜드원피스', '쉬폰원피스', '여성티셔츠', '린넨자켓', '에고이스트', '쥬시쥬디', '써스데이아일랜드', '여성원피스', '여성가디건', '여성반팔티셔츠', '제시뉴욕', '린넨원피스', '임블리']"
2019-04-26,"['원피스', '여성린넨자켓', '롱원피스', '블라우스', '남자반팔티', '여성바람막이점퍼', '롱스커트', '쉬폰원피스', '써스데이아일랜드원피스', '여성티셔츠', '린넨자켓', '쥬시쥬디', '에고이스트', '린넨원피스', '써스데이아일랜드', '여성원피스', '여성반팔티셔츠', '여성가디건', '제시뉴욕', '아디다스트레이닝바지']"
2019-04-27,"['원피스', '여성린넨자켓', '롱원피스', '블라우스', '남자반팔티', '여성바람막이점퍼', '쉬폰원피스', '롱스커트', '써스데이아일랜드원피스', '여성티셔츠', '린넨자켓', '린넨원피스', '쥬시쥬디', '에고이스트', '여성반팔티셔츠', '써스데이아일랜드', '제시뉴욕', '여성원피스', '여성가디건', '모조에스핀원피스']"
2019-04-28,"['원피스', '여성린넨자켓', '롱원피스', '블라우스', '남자반팔티', '여성바람막이점퍼', '쉬폰원피스', '써스데이아일랜드원피스', '롱스커트', '린넨원피스', '린넨자켓', '여성티셔츠', '쥬시쥬디', '에고이스트', '제시뉴욕', '여성반팔티셔츠', '써스데이아일랜드', '여성가디건', '여성원피스', '모조에스핀원피스']"
2019-04-29,"['원피스', '여성린넨자켓', '롱원피스', '블라우스', '남자반팔티', '써스데이아일랜드원피스', '린넨원피스', '쉬폰원피스', '여성바람막이점퍼', '롱스커트', '쥬시쥬디', '린넨자켓', '여성티셔츠', '제시뉴욕', '에고이스트', '써스데이아일랜드', '모조에스핀원피스', '여성가디건', '여성반팔티셔츠', '여성원피스']"
2019-04-30,"['원피스', '여성린넨자켓', '롱원피스', '블라우스', '린넨원피스', '써스데이아일랜드원피스', '쉬폰원피스', '남자반팔티', '롱스커트', '여성바람막이점퍼', '제시뉴욕', '쥬시쥬디', '에고이스트', '린넨자켓', '써스데이아일랜드', '여성티셔츠', '여성가디건', '모조에스핀원피스', '여자청자켓', '지컷']"
2019-05-01,"['원피스', '여성린넨자켓', '롱원피스', '블라우스', '린넨원피스', '써스데이아일랜드원피스', '쉬폰원피스', '롱스커트', '남자반팔티', '여성바람막이점퍼', '제시뉴욕', '린넨자켓', '쥬시쥬디', '에고이스트', '여성티셔츠', '써스데이아일랜드', '여성가디건', '여자청자켓', '모조에스핀원피스', '지고트원피스']"
2019-05-02,"['원피스', '여성린넨자켓', '롱원피스', '블라우스', '써스데이아일랜드원피스', '린넨원피스', '롱스커트', '쉬폰원피스', '제시뉴욕', '남자반팔티', '린넨자켓', '쥬시쥬디', '여성바람막이점퍼', '여성티셔츠', '에고이스트', '써스데이아일랜드', '여자청자켓', '여성가디건', '모조에스핀원피스', '여성원피스']"
2019-05-03,"['원피스', '여성린넨자켓', '블라우스', '롱원피스', '써스데이아일랜드원피스', '린넨원피스', '롱스커트', '쉬폰원피스', '남자반팔티', '제시뉴욕', '린넨자켓', '쥬시쥬디', '여성티셔츠', '여성바람막이점퍼', '에고이스트', '써스데이아일랜드', '여성가디건', '여자청자켓', '모조에스핀원피스', '여성원피스']"
2019-05-04,"['원피스', '여성린넨자켓', '롱원피스', '블라우스', '써스데이아일랜드원피스', '린넨원피스', '롱스커트', '남자반팔티', '쉬폰원피스', '린넨자켓', '제시뉴욕', '쥬시쥬디', '여성티셔츠', '에고이스트', '여성바람막이점퍼', '써스데이아일랜드', '여성원피스', '모조에스핀원피스', '여성가디건', '여자청자켓']"
2019-05-05,"['원피스', '여성린넨자켓', '롱원피스', '블라우스', '써스데이아일랜드원피스', '린넨원피스', '남자반팔티', '롱스커트', '린넨자켓', '제시뉴욕', '여성티셔츠', '쉬폰원피스', '쥬시쥬디', '여성원피스', '에고이스트', '써스데이아일랜드', '여성바람막이점퍼', '모조에스핀원피스', '지컷', '여성가디건']"
2019-05-06,"['원피스', '여성린넨자켓', '롱원피스', '블라우스', '써스데이아일랜드원피스', '남자반팔티', '린넨원피스', '롱스커트', '린넨자켓', '여성티셔츠', '제시뉴욕', '쉬폰원피스', '쥬시쥬디', '여성원피스', '에고이스트', '여성바람막이점퍼', '써스데이아일랜드', '지고트원피스', '모조에스핀원피스', '지컷']"
2019-05-07,"['원피스', '여성린넨자켓', '롱원피스', '블라우스', '남자반팔티', '린넨원피스', '써스데이아일랜드원피스', '린넨자켓', '롱스커트', '쉬폰원피스', '여성티셔츠', '제시뉴욕', '쥬시쥬디', '여성원피스', '여성바람막이점퍼', '에고이스트', '지고트원피스', '써스데이아일랜드', '모조에스핀원피스', '지컷']"
2019-05-08,"['원피스', '여성린넨자켓', '롱원피스', '블라우스', '린넨원피스', '남자반팔티', '써스데이아일랜드원피스', '린넨자켓', '롱스커트', '쥬시쥬디', '쉬폰원피스', '여성티셔츠', '제시뉴욕', '여성원피스', '여성바람막이점퍼', '에고이스트', '타미힐피거반팔', '써스데이아일랜드', '지고트원피스', '모조에스핀원피스']"
2019-05-09,"['원피스', '여성린넨자켓', '롱원피스', '블라우스', '린넨원피스', '남자반팔티', '써스데이아일랜드원피스', '린넨자켓', '롱스커트', '쉬폰원피스', '쥬시쥬디', '여성티셔츠', '여성원피스', '제시뉴욕', '타미힐피거반팔', '에고이스트', '써스데이아일랜드', '여성바람막이점퍼', '지고트원피스', '모조에스핀원피스']"
2019-05-10,"['원피스', '여성린넨자켓', '롱원피스', '블라우스', '린넨원피스', '남자반팔티', '린넨자켓', '써스데이아일랜드원피스', '롱스커트', '쥬시쥬디', '여성티셔츠', '쉬폰원피스', '여성원피스', '제시뉴욕', '타미힐피거반팔', '에고이스트', '아디다스반팔티', '여성바람막이점퍼', '모조에스핀원피스', '지고트원피스']"
2019-05-11,"['원피스', '여성린넨자켓', '블라우스', '롱원피스', '린넨원피스', '린넨자켓', '써스데이아일랜드원피스', '남자반팔티', '롱스커트', '쉬폰원피스', '여성티셔츠', '쥬시쥬디', '여성원피스', '제시뉴욕', '타미힐피거반팔', '모조에스핀원피스', '아디다스반팔티', '지고트원피스', '써스데이아일랜드', '여성바람막이점퍼']"
2019-05-12,"['원피스', '여성린넨자켓', '블라우스', '롱원피스', '린넨원피스', '린넨자켓', '남자반팔티', '써스데이아일랜드원피스', '롱스커트', '쥬시쥬디', '쉬폰원피스', '여성티셔츠', '여성원피스', '제시뉴욕', '타미힐피거반팔', '모조에스핀원피스', '여름원피스', '지고트원피스', '아디다스반팔티', '지컷']"
2019-05-13,"['원피스', '여성린넨자켓', '블라우스', '롱원피스', '린넨원피스', '린넨자켓', '남자반팔티', '써스데이아일랜드원피스', '롱스커트', '여성원피스', '여성티셔츠', '쥬시쥬디', '쉬폰원피스', '타미힐피거반팔', '제시뉴욕', '여름원피스', '모조에스핀원피스', '여성바람막이점퍼', '여성여름자켓', '아디다스반팔티']"
2019-05-14,"['원피스', '여성린넨자켓', '블라우스', '린넨원피스', '롱원피스', '남자반팔티', '써스데이아일랜드원피스', '린넨자켓', '롱스커트', '여성원피스', '여성티셔츠', '여름원피스', '타미힐피거반팔', '쥬시쥬디', '제시뉴욕', '쉬폰원피스', '모조에스핀원피스', '여성여름자켓', '여름가디건', '아디다스반팔티']"
2019-05-15,"['원피스', '린넨원피스', '여성린넨자켓', '블라우스', '롱원피스', '남자반팔티', '써스데이아일랜드원피스', '린넨자켓', '여름원피스', '여성원피스', '여성티셔츠', '롱스커트', '타미힐피거반팔', '쉬폰원피스', '제시뉴욕', '쥬시쥬디', '모조에스핀원피스', '여름가디건', '아디다스반팔티', '지컷원피스']"
2019-05-16,"['원피스', '린넨원피스', '블라우스', '롱원피스', '여성린넨자켓', '남자반팔티', '여름원피스', '써스데이아일랜드원피스', '여성티셔츠', '타미힐피거반팔', '여성원피스', '린넨자켓', '롱스커트', '쉬폰원피스', '제시뉴욕', '쥬시쥬디', '모조에스핀원피스', '여름가디건', '아디다스반팔티', '아디다스반바지']"
2019-05-17,"['원피스', '린넨원피스', '블라우스', '롱원피스', '여성린넨자켓', '남자반팔티', '여름원피스', '써스데이아일랜드원피스', '타미힐피거반팔', '여성티셔츠', '여성원피스', '쉬폰원피스', '롱스커트', '제시뉴욕', '쥬시쥬디', '린넨자켓', '여름가디건', '모조에스핀원피스', '아디다스반바지', '아디다스반팔티']"
2019-05-18,"['원피스', '린넨원피스', '블라우스', '롱원피스', '여성린넨자켓', '남자반팔티', '여름원피스', '써스데이아일랜드원피스', '타미힐피거반팔', '여성티셔츠', '여성원피스', '쉬폰원피스', '롱스커트', '제시뉴욕', '쥬시쥬디', '아디다스반바지', '모조에스핀원피스', '여름가디건', '아디다스반팔티', '여름블라우스']"
2019-05-19,"['원피스', '린넨원피스', '블라우스', '롱원피스', '여성린넨자켓', '여름원피스', '남자반팔티', '써스데이아일랜드원피스', '타미힐피거반팔', '여성티셔츠', '쉬폰원피스', '여성원피스', '쥬시쥬디', '롱스커트', '아디다스반바지', '제시뉴욕', '여름가디건', '여름블라우스', '모조에스핀원피스', '아디다스반팔티']"
2019-05-20,"['원피스', '린넨원피스', '블라우스', '롱원피스', '여성린넨자켓', '여름원피스', '남자반팔티', '써스데이아일랜드원피스', '타미힐피거반팔', '쉬폰원피스', '여성티셔츠', '여름블라우스', '쥬시쥬디', '아디다스반바지', '여름가디건', '모조에스핀원피스', '여성원피스', '제시뉴욕', '롱스커트', '아디다스반팔티']"
2019-05-21,"['원피스', '린넨원피스', '블라우스', '롱원피스', '여성린넨자켓', '여름원피스', '남자반팔티', '써스데이아일랜드원피스', '타미힐피거반팔', '쉬폰원피스', '여성티셔츠', '여름블라우스', '쥬시쥬디', '여름가디건', '모조에스핀원피스', '아디다스반바지', '제시뉴욕', '여성원피스', '롱스커트', '아디다스반팔티']"
2019-05-22,"['원피스', '린넨원피스', '블라우스', '롱원피스', '여성린넨자켓', '여름원피스', '남자반팔티', '써스데이아일랜드원피스', '타미힐피거반팔', '쉬폰원피스', '여성티셔츠', '여름블라우스', '쥬시쥬디', '여름가디건', '모조에스핀원피스', '아디다스반바지', '제시뉴욕', '여성점프수트', '롱스커트', '아디다스반팔티']"
2019-05-23,"['원피스', '블라우스', '린넨원피스', '롱원피스', '여성린넨자켓', '여름원피스', '써스데이아일랜드원피스', '남자반팔티', '타미힐피거반팔', '쉬폰원피스', '여성티셔츠', '쥬시쥬디', '여름블라우스', '여름가디건', '모조에스핀원피스', '여성점프수트', '아디다스반바지', '롱스커트', '제시뉴욕', '지고트원피스']"
2019-05-24,"['원피스', '린넨원피스', '블라우스', '롱원피스', '여름원피스', '여성린넨자켓', '써스데이아일랜드원피스', '남자반팔티', '타미힐피거반팔', '여성티셔츠', '쉬폰원피스', '쥬시쥬디', '여름블라우스', '여성점프수트', '여름가디건', '모조에스핀원피스', '아디다스반바지', '여성원피스', '지고트원피스', '롱스커트']"
2019-05-25,"['원피스', '린넨원피스', '롱원피스', '블라우스', '여름원피스', '써스데이아일랜드원피스', '여성린넨자켓', '남자반팔티', '쉬폰원피스', '타미힐피거반팔', '여성티셔츠', '쥬시쥬디', '여름블라우스', '여름가디건', '여성점프수트', '여성원피스', '모조에스핀원피스', '아디다스반바지', '롱스커트', '지고트원피스']"
2019-05-26,"['원피스', '린넨원피스', '블라우스', '롱원피스', '여름원피스', '써스데이아일랜드원피스', '남자반팔티', '여성린넨자켓', '쉬폰원피스', '여성티셔츠', '여름블라우스', '타미힐피거반팔', '여성원피스', '쥬시쥬디', '여름가디건', '여성점프수트', '아디다스반바지', '모조에스핀원피스', '롱스커트', '지고트원피스']"
2019-05-27,"['원피스', '린넨원피스', '롱원피스', '블라우스', '여름원피스', '써스데이아일랜드원피스', '남자반팔티', '여성린넨자켓', '쉬폰원피스', '여성원피스', '여성티셔츠', '여름블라우스', '쥬시쥬디', '여성점프수트', '여름가디건', '아디다스반바지', '타미힐피거반팔', '모조에스핀원피스', '남자반바지', '롱스커트']"
2019-05-28,"['원피스', '린넨원피스', '롱원피스', '블라우스', '여름원피스', '써스데이아일랜드원피스', '남자반팔티', '여성린넨자켓', '쉬폰원피스', '여성원피스', '여름블라우스', '여성티셔츠', '여성점프수트', '쥬시쥬디', '여름가디건', '아디다스반바지', '남자반바지', '모조에스핀원피스', '타미힐피거반팔', '지컷원피스']"
2019-05-29,"['원피스', '린넨원피스', '롱원피스', '블라우스', '여름원피스', '써스데이아일랜드원피스', '남자반팔티', '쉬폰원피스', '여성린넨자켓', '여성원피스', '여름블라우스', '여성점프수트', '여성티셔츠', '여름가디건', '쥬시쥬디', '아디다스반바지', '남자반바지', '모조에스핀원피스', '롱스커트', '타미힐피거반팔']"
2019-05-30,"['원피스', '린넨원피스', '롱원피스', '블라우스', '여름원피스', '써스데이아일랜드원피스', '남자반팔티', '쉬폰원피스', '여성원피스', '여성린넨자켓', '여름블라우스', '여름가디건', '여성점프수트', '여성티셔츠', '남자반바지', '모조에스핀원피스', '아디다스반바지', '쥬시쥬디', '제시뉴욕', '타미힐피거반팔']"
2019-05-31,"['원피스', '린넨원피스', '롱원피스', '블라우스', '여름원피스', '써스데이아일랜드원피스', '쉬폰원피스', '남자반팔티', '여성원피스', '여성린넨자켓', '여름가디건', '여름블라우스', '여성점프수트', '남자반바지', '모조에스핀원피스', '여성티셔츠', '쥬시쥬디', '제시뉴욕', '아디다스반바지', '타미힐피거반팔']"
2019-06-01,"['원피스', '린넨원피스', '롱원피스', '블라우스', '써스데이아일랜드원피스', '여름원피스', '쉬폰원피스', '남자반팔티', '여성점프수트', '여성원피스', '여성린넨자켓', '여름가디건', '여름블라우스', '제시뉴욕', '남자반바지', '모조에스핀원피스', '쥬시쥬디', '여성티셔츠', '지컷원피스', '아디다스반바지']"
2019-06-02,"['원피스', '린넨원피스', '롱원피스', '블라우스', '써스데이아일랜드원피스', '여름원피스', '여성점프수트', '쉬폰원피스', '여성린넨자켓', '남자반팔티', '여름가디건', '여성원피스', '제시뉴욕', '여름블라우스', '모조에스핀원피스', '쥬시쥬디', '남자반바지', '지컷원피스', '여성티셔츠', '롱스커트']"
2019-06-03,"['원피스', '린넨원피스', '롱원피스', '블라우스', '써스데이아일랜드원피스', '여름원피스', '여성점프수트', '쉬폰원피스', '여성린넨자켓', '여름가디건', '남자반팔티', '여성원피스', '제시뉴욕', '여름블라우스', '모조에스핀원피스', '지컷원피스', '쥬시쥬디', '남자반바지', '여성티셔츠', '랩원피스']"
2019-06-04,"['원피스', '린넨원피스', '롱원피스', '블라우스', '써스데이아일랜드원피스', '여름원피스', '여성점프수트', '쉬폰원피스', '여름가디건', '남자반팔티', '여성린넨자켓', '여성원피스', '제시뉴욕', '여름블라우스', '지컷원피스', '모조에스핀원피스', '남자반바지', '쥬시쥬디', '여성티셔츠', '랩원피스']"
2019-06-05,"['원피스', '린넨원피스', '롱원피스', '블라우스', '써스데이아일랜드원피스', '여름원피스', '여성점프수트', '쉬폰원피스', '여름가디건', '여성원피스', '남자반팔티', '여성린넨자켓', '지컷원피스', '쥬시쥬디', '제시뉴욕', '여름블라우스', '남자반바지', '모조에스핀원피스', '여성티셔츠', '지고트원피스']"
2019-06-06,"['원피스', '린넨원피스', '롱원피스', '블라우스', '써스데이아일랜드원피스', '여름원피스', '여성점프수트', '쉬폰원피스', '여성원피스', '남자반팔티', '여름가디건', '여성린넨자켓', '쥬시쥬디', '지컷원피스', '지고트원피스', '여름블라우스', '남자반바지', '제시뉴욕', '모조에스핀원피스', '랩원피스']"
2019-06-07,"['원피스', '린넨원피스', '롱원피스', '블라우스', '써스데이아일랜드원피스', '여름원피스', '쉬폰원피스', '여성점프수트', '여성원피스', '남자반팔티', '여름가디건', '쥬시쥬디', '지고트원피스', '지컷원피스', '여성린넨자켓', '여름블라우스', '모조에스핀원피스', '남자반바지', '온앤온원피스', '제시뉴욕']"
2019-06-08,"['원피스', '린넨원피스', '롱원피스', '블라우스', '써스데이아일랜드원피스', '여름원피스', '쉬폰원피스', '여성원피스', '여성점프수트', '지고트원피스', '남자반팔티', '여름가디건', '쥬시쥬디', '온앤온원피스', '지컷원피스', '남자반바지', '여름블라우스', '모조에스핀원피스', '여성린넨자켓', '랩원피스']"
2019-06-09,"['원피스', '린넨원피스', '롱원피스', '블라우스', '써스데이아일랜드원피스', '여름원피스', '쉬폰원피스', '여성원피스', '지고트원피스', '여성점프수트', '온앤온원피스', '여름가디건', '쥬시쥬디', '남자반팔티', '지컷원피스', '남자반바지', '랩원피스', '여름블라우스', '여성티셔츠', '지컷블라우스']"
2019-06-10,"['원피스', '린넨원피스', '롱원피스', '블라우스', '써스데이아일랜드원피스', '여름원피스', '여성원피스', '쉬폰원피스', '지고트원피스', '온앤온원피스', '쥬시쥬디', '여름가디건', '여성점프수트', '지컷원피스', '남자반팔티', '랩원피스', '린넨블라우스', '모조에스핀원피스', '남자반바지', '제시뉴욕']"
2019-06-11,"['원피스', '린넨원피스', '블라우스', '롱원피스', '써스데이아일랜드원피스', '여름원피스', '여성원피스', '쉬폰원피스', '지고트원피스', '쥬시쥬디', '온앤온원피스', '여름가디건', '지컷원피스', '랩원피스', '모조에스핀원피스', '여성점프수트', '남자반팔티', '린넨블라우스', '제시뉴욕', '남자반바지']"
2019-06-12,"['원피스', '린넨원피스', '블라우스', '롱원피스', '써스데이아일랜드원피스', '여름원피스', '여성원피스', '지고트원피스', '쉬폰원피스', '쥬시쥬디', '여름가디건', '온앤온원피스', '지컷원피스', '랩원피스', '모조에스핀원피스', '남자반팔티', '제시뉴욕', '린넨블라우스', '써스데이아일랜드', '남자반바지']"
2019-06-13,"['원피스', '린넨원피스', '블라우스', '롱원피스', '써스데이아일랜드원피스', '여름원피스', '여성원피스', '지고트원피스', '쉬폰원피스', '여름가디건', '쥬시쥬디', '지컷원피스', '모조에스핀원피스', '온앤온원피스', '랩원피스', '여성티셔츠', '린넨블라우스', '지컷블라우스', '제시뉴욕', '남자반팔티']"
2019-06-14,"['원피스', '린넨원피스', '블라우스', '롱원피스', '써스데이아일랜드원피스', '여름원피스', '여성원피스', '지고트원피스', '쉬폰원피스', '여름가디건', '쥬시쥬디', '린넨블라우스', '지컷원피스', '모조에스핀원피스', '랩원피스', '온앤온원피스', '여성티셔츠', '지컷', '제시뉴욕', '지컷블라우스']"
2019-06-15,"['원피스', '린넨원피스', '블라우스', '롱원피스', '써스데이아일랜드원피스', '여성원피스', '여름원피스', '지고트원피스', '쉬폰원피스', '여름가디건', '쥬시쥬디', '모조에스핀원피스', '린넨블라우스', '지컷원피스', '랩원피스', '지컷', '제시뉴욕', '온앤온원피스', '지컷블라우스', '여성블라우스']"
2019-06-16,"['원피스', '린넨원피스', '블라우스', '롱원피스', '써스데이아일랜드원피스', '여성원피스', '여름원피스', '쉬폰원피스', '지고트원피스', '여름가디건', '쥬시쥬디', '모조에스핀원피스', '랩원피스', '지컷', '지컷원피스', '여성블라우스', '린넨블라우스', '지컷블라우스', '제시뉴욕', '여성티셔츠']"
2019-06-17,"['원피스', '린넨원피스', '블라우스', '롱원피스', '써스데이아일랜드원피스', '여성원피스', '쉬폰원피스', '여름원피스', '지고트원피스', '여름가디건', '모조에스핀원피스', '쥬시쥬디', '랩원피스', '여성블라우스', '지컷원피스', '지컷', '지컷블라우스', '린넨블라우스', '써스데이아일랜드', '플라스틱아일랜드원피스']"
2019-06-18,"['원피스', '린넨원피스', '블라우스', '롱원피스', '써스데이아일랜드원피스', '여성원피스', '쉬폰원피스', '여름원피스', '지고트원피스', '여름가디건', '모조에스핀원피스', '쥬시쥬디', '여성블라우스', '지컷', '랩원피스', '지컷원피스', '지컷블라우스', '써스데이아일랜드', '플라스틱아일랜드원피스', '린넨블라우스']"
2019-06-19,"['원피스', '블라우스', '린넨원피스', '롱원피스', '써스데이아일랜드원피스', '여성원피스', '쉬폰원피스', '여름원피스', '지고트원피스', '여름가디건', '모조에스핀원피스', '쥬시쥬디', '여성블라우스', '지컷', '랩원피스', '써스데이아일랜드', '린넨블라우스', '지컷블라우스', '지컷원피스', '플라스틱아일랜드원피스']"
2019-06-20,"['원피스', '블라우스', '린넨원피스', '롱원피스', '써스데이아일랜드원피스', '여성원피스', '쉬폰원피스', '여름원피스', '지고트원피스', '쥬시쥬디', '여름가디건', '모조에스핀원피스', '써스데이아일랜드', '여성블라우스', '랩원피스', '지컷원피스', '린넨블라우스', '지컷블라우스', '남자반바지', '플라스틱아일랜드원피스']"
2019-06-21,"['원피스', '블라우스', '린넨원피스', '롱원피스', '써스데이아일랜드원피스', '여성원피스', '쉬폰원피스', '여름원피스', '지고트원피스', '라코스테원피스', '여름가디건', '쥬시쥬디', '모조에스핀원피스', '써스데이아일랜드', '랩원피스', '지컷원피스', '여성블라우스', '남자반바지', '린넨블라우스', '플라스틱아일랜드원피스']"
2019-06-22,"['원피스', '블라우스', '린넨원피스', '롱원피스', '써스데이아일랜드원피스', '여성원피스', '쉬폰원피스', '여름원피스', '라코스테원피스', '지고트원피스', '여름가디건', '랩원피스', '지컷원피스', '써스데이아일랜드', '모조에스핀원피스', '쥬시쥬디', '남자반바지', '린넨블라우스', '여성블라우스', '플라스틱아일랜드원피스']"
2019-06-23,"['원피스', '린넨원피스', '블라우스', '롱원피스', '써스데이아일랜드원피스', '여성원피스', '쉬폰원피스', '여름원피스', '라코스테원피스', '지고트원피스', '써스데이아일랜드', '지컷원피스', '여름가디건', '랩원피스', '쥬시쥬디', '모조에스핀원피스', '린넨블라우스', '남자반바지', '플라스틱아일랜드원피스', '쉬즈미스원피스']"
2019-06-24,"['원피스', '린넨원피스', '블라우스', '롱원피스', '써스데이아일랜드원피스', '여성원피스', '여름원피스', '쉬폰원피스', '라코스테원피스', '지고트원피스', '랩원피스', '써스데이아일랜드', '여름가디건', '지컷원피스', '쥬시쥬디', '모조에스핀원피스', '플라스틱아일랜드원피스', '남자반바지', '린넨블라우스', '여성블라우스']"
2019-06-25,"['원피스', '린넨원피스', '블라우스', '롱원피스', '써스데이아일랜드원피스', '여성원피스', '쉬폰원피스', '여름원피스', '라코스테원피스', '지고트원피스', '랩원피스', '지컷원피스', '써스데이아일랜드', '여름가디건', '쥬시쥬디', '플라스틱아일랜드원피스', '린넨블라우스', '남자반바지', '모조에스핀원피스', '에고이스트원피스']"
2019-06-26,"['원피스', '린넨원피스', '롱원피스', '블라우스', '써스데이아일랜드원피스', '여성원피스', '쉬폰원피스', '여름원피스', '라코스테원피스', '지고트원피스', '랩원피스', '지컷원피스', '여름가디건', '써스데이아일랜드', '플라스틱아일랜드원피스', '쥬시쥬디', '린넨블라우스', '남자반바지', '모조에스핀원피스', '에고이스트원피스']"
2019-06-27,"['원피스', '린넨원피스', '롱원피스', '블라우스', '써스데이아일랜드원피스', '여성원피스', '여름원피스', '쉬폰원피스', '라코스테원피스', '지고트원피스', '랩원피스', '지컷원피스', '플라스틱아일랜드원피스', '여름가디건', '써스데이아일랜드', '남자반바지', '쥬시쥬디', '온앤온원피스', '린넨블라우스', '모조에스핀원피스']"
2019-06-28,"['원피스', '린넨원피스', '블라우스', '롱원피스', '써스데이아일랜드원피스', '여성원피스', '여름원피스', '쉬폰원피스', '지고트원피스', '랩원피스', '플라스틱아일랜드원피스', '라코스테원피스', '지컷원피스', '온앤온원피스', '써스데이아일랜드', '남자반바지', '여름가디건', '쥬시쥬디', '린넨블라우스', '모조에스핀원피스']"
2019-06-29,"['원피스', '린넨원피스', '블라우스', '롱원피스', '써스데이아일랜드원피스', '여성원피스', '여름원피스', '쉬폰원피스', '지고트원피스', '플라스틱아일랜드원피스', '랩원피스', '지컷원피스', '라코스테원피스', '온앤온원피스', '남자반바지', '쥬시쥬디', '여름가디건', '써스데이아일랜드', '여성점프수트', '린넨블라우스']"
2019-06-30,"['원피스', '린넨원피스', '롱원피스', '블라우스', '써스데이아일랜드원피스', '여성원피스', '여름원피스', '쉬폰원피스', '지고트원피스', '플라스틱아일랜드원피스', '랩원피스', '지컷원피스', '온앤온원피스', '남자반바지', '여성점프수트', '여름가디건', '라코스테원피스', '쉬즈미스원피스', '쥬시쥬디', '린넨블라우스']"
2019-07-01,"['원피스', '린넨원피스', '롱원피스', '블라우스', '써스데이아일랜드원피스', '여름원피스', '여성원피스', '쉬폰원피스', '지고트원피스', '랩원피스', '플라스틱아일랜드원피스', '지컷원피스', '남자반바지', '온앤온원피스', '여성점프수트', '쉬즈미스원피스', '여름가디건', '남자반팔티', '린넨블라우스', '쥬시쥬디']"
2019-07-02,"['원피스', '린넨원피스', '롱원피스', '블라우스', '써스데이아일랜드원피스', '여름원피스', '여성원피스', '쉬폰원피스', '지고트원피스', '온앤온원피스', '남자반바지', '랩원피스', '플라스틱아일랜드원피스', '지컷원피스', '여성점프수트', '쉬즈미스원피스', '남자반팔티', '쥬시쥬디', '지컷블라우스', '여름블라우스']"
2019-07-03,"['원피스', '린넨원피스', '롱원피스', '블라우스', '써스데이아일랜드원피스', '여름원피스', '여성원피스', '쉬폰원피스', '온앤온원피스', '지고트원피스', '남자반바지', '지컷원피스', '플라스틱아일랜드원피스', '랩원피스', '여성점프수트', '쉬즈미스원피스', '지컷블라우스', '쥬시쥬디', '여름블라우스', '남자반팔티']"
2019-07-04,"['원피스', '린넨원피스', '롱원피스', '블라우스', '써스데이아일랜드원피스', '여름원피스', '여성원피스', '쉬폰원피스', '온앤온원피스', '남자반바지', '지고트원피스', '지컷원피스', '플라스틱아일랜드원피스', '여성점프수트', '랩원피스', '쉬즈미스원피스', '지컷블라우스', '여름블라우스', '쥬시쥬디', '에고이스트원피스']"
2019-07-05,"['원피스', '린넨원피스', '롱원피스', '블라우스', '써스데이아일랜드원피스', '여름원피스', '여성원피스', '온앤온원피스', '쉬폰원피스', '남자반바지', '여성점프수트', '지컷원피스', '지고트원피스', '플라스틱아일랜드원피스', '랩원피스', '쉬즈미스원피스', '지컷블라우스', '여름블라우스', '쥬시쥬디', '에고이스트원피스']"
2019-07-06,"['원피스', '린넨원피스', '롱원피스', '블라우스', '써스데이아일랜드원피스', '여름원피스', '온앤온원피스', '여성원피스', '쉬폰원피스', '남자반바지', '여성점프수트', '지고트원피스', '지컷원피스', '플라스틱아일랜드원피스', '랩원피스', '쉬즈미스원피스', '헤지스원피스', '지컷블라우스', '여름블라우스', '펀칭원피스']"
2019-07-07,"['원피스', '린넨원피스', '롱원피스', '블라우스', '써스데이아일랜드원피스', '여름원피스', '온앤온원피스', '여성원피스', '쉬폰원피스', '남자반바지', '지고트원피스', '여성점프수트', '플라스틱아일랜드원피스', '랩원피스', '지컷원피스', '쉬즈미스원피스', '헤지스원피스', '펀칭원피스', '여름블라우스', '지컷블라우스']"
2019-07-08,"['원피스', '린넨원피스', '롱원피스', '블라우스', '써스데이아일랜드원피스', '여름원피스', '온앤온원피스', '여성원피스', '쉬폰원피스', '남자반바지', '지고트원피스', '여성점프수트', '랩원피스', '플라스틱아일랜드원피스', '지컷원피스', '펀칭원피스', '쉬즈미스원피스', '헤지스원피스', '제시뉴욕', '여름블라우스']"
2019-07-09,"['원피스', '린넨원피스', '롱원피스', '블라우스', '써스데이아일랜드원피스', '여름원피스', '쉬폰원피스', '여성원피스', '온앤온원피스', '남자반바지', '랩원피스', '지고트원피스', '여성점프수트', '플라스틱아일랜드원피스', '지컷원피스', '펀칭원피스', '쉬즈미스원피스', '헤지스원피스', '모조에스핀원피스', '제시뉴욕']"
2019-07-10,"['원피스', '린넨원피스', '롱원피스', '블라우스', '써스데이아일랜드원피스', '여름원피스', '온앤온원피스', '여성원피스', '쉬폰원피스', '랩원피스', '지고트원피스', '남자반바지', '여성점프수트', '플라스틱아일랜드원피스', '펀칭원피스', '지컷원피스', '쉬즈미스원피스', '헤지스원피스', '모조에스핀원피스', '제시뉴욕']"
2019-07-11,"['원피스', '린넨원피스', '롱원피스', '블라우스', '써스데이아일랜드원피스', '여름원피스', '온앤온원피스', '여성원피스', '쉬폰원피스', '지고트원피스', '랩원피스', '여성점프수트', '남자반바지', '플라스틱아일랜드원피스', '펀칭원피스', '쉬즈미스원피스', '지컷원피스', '모조에스핀원피스', '에고이스트원피스', '올리브데올리브원피스']"
2019-07-12,"['원피스', '린넨원피스', '롱원피스', '블라우스', '써스데이아일랜드원피스', '여름원피스', '온앤온원피스', '여성원피스', '쉬폰원피스', '지고트원피스', '랩원피스', '플라스틱아일랜드원피스', '여성점프수트', '남자반바지', '쉬즈미스원피스', '펀칭원피스', '지컷원피스', '올리브데올리브원피스', '모조에스핀원피스', '에고이스트원피스']"
2019-07-13,"['원피스', '린넨원피스', '블라우스', '롱원피스', '써스데이아일랜드원피스', '온앤온원피스', '여름원피스', '여성원피스', '쉬폰원피스', '지고트원피스', '플라스틱아일랜드원피스', '랩원피스', '여성점프수트', '쉬즈미스원피스', '남자반바지', '올리브데올리브원피스', '펀칭원피스', '지컷원피스', '모조에스핀원피스', '에고이스트원피스']"
2019-07-14,"['원피스', '린넨원피스', '블라우스', '롱원피스', '써스데이아일랜드원피스', '온앤온원피스', '여성원피스', '여름원피스', '쉬폰원피스', '플라스틱아일랜드원피스', '지고트원피스', '여성점프수트', '랩원피스', '쉬즈미스원피스', '올리브데올리브원피스', '남자반바지', '지컷원피스', '펀칭원피스', '에고이스트원피스', '모조에스핀원피스']"
2019-07-15,"['원피스', '린넨원피스', '블라우스', '롱원피스', '써스데이아일랜드원피스', '온앤온원피스', '여성원피스', '여름원피스', '플라스틱아일랜드원피스', '쉬폰원피스', '지고트원피스', '여성점프수트', '올리브데올리브원피스', '랩원피스', '쉬즈미스원피스', '지컷원피스', '남자반바지', '여름로브가디건', '에고이스트원피스', '펀칭원피스']"
2019-07-16,"['원피스', '린넨원피스', '롱원피스', '블라우스', '써스데이아일랜드원피스', '온앤온원피스', '플라스틱아일랜드원피스', '여성원피스', '여름원피스', '지고트원피스', '여성점프수트', '올리브데올리브원피스', '쉬폰원피스', '랩원피스', '여름로브가디건', '쉬즈미스원피스', '남자반바지', '지컷원피스', '에고이스트원피스', '모조에스핀원피스']"
2019-07-17,"['원피스', '린넨원피스', '롱원피스', '블라우스', '써스데이아일랜드원피스', '온앤온원피스', '플라스틱아일랜드원피스', '여성원피스', '여름원피스', '올리브데올리브원피스', '여름로브가디건', '여성점프수트', '지고트원피스', '쉬폰원피스', '랩원피스', '쉬즈미스원피스', '남자반바지', '지컷원피스', '에고이스트원피스', '로브']"
2019-07-18,"['원피스', '린넨원피스', '롱원피스', '블라우스', '써스데이아일랜드원피스', '플라스틱아일랜드원피스', '온앤온원피스', '여름로브가디건', '여성원피스', '여름원피스', '여성점프수트', '올리브데올리브원피스', '쉬폰원피스', '지고트원피스', '랩원피스', '남자반바지', '로브', '쉬즈미스원피스', '지컷원피스', '에고이스트원피스']"
2019-07-19,"['원피스', '린넨원피스', '롱원피스', '블라우스', '써스데이아일랜드원피스', '플라스틱아일랜드원피스', '여름로브가디건', '여성원피스', '온앤온원피스', '여름원피스', '랩원피스', '지고트원피스', '여성점프수트', '쉬폰원피스', '올리브데올리브원피스', '로브', '남자반바지', '쉬즈미스원피스', '에고이스트원피스', '지컷원피스']"
2019-07-20,"['원피스', '롱원피스', '린넨원피스', '블라우스', '써스데이아일랜드원피스', '여름로브가디건', '플라스틱아일랜드원피스', '여름원피스', '여성원피스', '온앤온원피스', '랩원피스', '여성점프수트', '지고트원피스', '로브', '쉬폰원피스', '남자반바지', '올리브데올리브원피스', '쉬즈미스원피스', '에고이스트원피스', '지컷원피스']"
2019-07-21,"['원피스', '롱원피스', '린넨원피스', '블라우스', '써스데이아일랜드원피스', '여름로브가디건', '플라스틱아일랜드원피스', '여름원피스', '여성원피스', '여성점프수트', '랩원피스', '지고트원피스', '로브', '온앤온원피스', '쉬폰원피스', '남자반바지', '쉬즈미스원피스', '에고이스트원피스', '올리브데올리브원피스', '지컷원피스']"
2019-07-22,"['원피스', '롱원피스', '린넨원피스', '블라우스', '써스데이아일랜드원피스', '여름로브가디건', '플라스틱아일랜드원피스', '여름원피스', '여성점프수트', '지고트원피스', '여성원피스', '랩원피스', '남자반바지', '쉬폰원피스', '로브', '온앤온원피스', '쉬즈미스원피스', '에고이스트원피스', '지컷원피스', '쥬시쥬디']"
2019-07-23,"['원피스', '린넨원피스', '롱원피스', '블라우스', '써스데이아일랜드원피스', '여름원피스', '여성점프수트', '플라스틱아일랜드원피스', '여름로브가디건', '여성원피스', '지고트원피스', '남자반바지', '쉬폰원피스', '랩원피스', '온앤온원피스', '로브', '쉬즈미스원피스', '쥬시쥬디', '에고이스트원피스', '지컷원피스']"
2019-07-24,"['원피스', '롱원피스', '린넨원피스', '블라우스', '써스데이아일랜드원피스', '여성점프수트', '여름원피스', '플라스틱아일랜드원피스', '남자반바지', '여성원피스', '쉬폰원피스', '지고트원피스', '여름로브가디건', '랩원피스', '온앤온원피스', '쉬즈미스원피스', '로브', '아디다스반바지', '쥬시쥬디', '에고이스트원피스']"
2019-07-25,"['원피스', '롱원피스', '린넨원피스', '블라우스', '써스데이아일랜드원피스', '여성점프수트', '여름원피스', '플라스틱아일랜드원피스', '여성원피스', '남자반바지', '쉬폰원피스', '지고트원피스', '여름로브가디건', '랩원피스', '온앤온원피스', '쉬즈미스원피스', '아디다스반바지', '로브', '에고이스트원피스', '쥬시쥬디']"
2019-07-26,"['원피스', '롱원피스', '린넨원피스', '블라우스', '써스데이아일랜드원피스', '여성점프수트', '여름원피스', '남자반바지', '플라스틱아일랜드원피스', '여성원피스', '쉬폰원피스', '지고트원피스', '온앤온원피스', '여름로브가디건', '랩원피스', '쉬즈미스원피스', '쥬시쥬디', '아디다스반바지', '에고이스트원피스', '로브']"
2019-07-27,"['원피스', '롱원피스', '린넨원피스', '블라우스', '써스데이아일랜드원피스', '여성점프수트', '여름원피스', '남자반바지', '여성원피스', '플라스틱아일랜드원피스', '쉬폰원피스', '지고트원피스', '온앤온원피스', '랩원피스', '아디다스반바지', '쥬시쥬디', '쉬즈미스원피스', '여름로브가디건', '에고이스트원피스', '로브']"
2019-07-28,"['원피스', '롱원피스', '린넨원피스', '블라우스', '써스데이아일랜드원피스', '여성점프수트', '여름원피스', '남자반바지', '여성원피스', '플라스틱아일랜드원피스', '쉬폰원피스', '지고트원피스', '쥬시쥬디', '온앤온원피스', '랩원피스', '아디다스반바지', '쉬즈미스원피스', '여름로브가디건', '에고이스트원피스', '로브']"
2019-07-29,"['원피스', '롱원피스', '린넨원피스', '블라우스', '써스데이아일랜드원피스', '여성점프수트', '여름원피스', '남자반바지', '여성원피스', '플라스틱아일랜드원피스', '쥬시쥬디', '지고트원피스', '쉬폰원피스', '온앤온원피스', '쉬즈미스원피스', '랩원피스', '아디다스반바지', '여름로브가디건', '에고이스트원피스', '점프수트']"
2019-07-30,"['원피스', '롱원피스', '린넨원피스', '써스데이아일랜드원피스', '블라우스', '여름원피스', '여성점프수트', '남자반바지', '여성원피스', '플라스틱아일랜드원피스', '쥬시쥬디', '지고트원피스', '온앤온원피스', '쉬폰원피스', '쉬즈미스원피스', '랩원피스', '아디다스반바지', '에고이스트원피스', '여름로브가디건', '뷔스티에원피스']"
2019-07-31,"['원피스', '린넨원피스', '롱원피스', '써스데이아일랜드원피스', '블라우스', '여름원피스', '남자반바지', '여성점프수트', '쥬시쥬디', '플라스틱아일랜드원피스', '여성원피스', '지고트원피스', '온앤온원피스', '쉬즈미스원피스', '랩원피스', '쉬폰원피스', '에고이스트원피스', '아디다스반바지', '지컷원피스', '에고이스트']"
2019-08-01,"['원피스', '린넨원피스', '롱원피스', '써스데이아일랜드원피스', '블라우스', '여름원피스', '남자반바지', '플라스틱아일랜드원피스', '쥬시쥬디', '여성점프수트', '여성원피스', '지고트원피스', '온앤온원피스', '쉬즈미스원피스', '쉬폰원피스', '랩원피스', '에고이스트원피스', '지컷원피스', '아디다스반바지', '에고이스트']"
2019-08-02,"['원피스', '린넨원피스', '롱원피스', '써스데이아일랜드원피스', '블라우스', '플라스틱아일랜드원피스', '여름원피스', '쥬시쥬디', '남자반바지', '여성원피스', '여성점프수트', '지고트원피스', '온앤온원피스', '쉬즈미스원피스', '쉬폰원피스', '랩원피스', '지컷원피스', '에고이스트원피스', '아디다스반바지', '뷔스티에원피스']"
2019-08-03,"['원피스', '린넨원피스', '롱원피스', '써스데이아일랜드원피스', '블라우스', '플라스틱아일랜드원피스', '쥬시쥬디', '여름원피스', '여성원피스', '남자반바지', '여성점프수트', '지고트원피스', '온앤온원피스', '쉬즈미스원피스', '랩원피스', '쉬폰원피스', '지컷원피스', '에고이스트원피스', '뷔스티에원피스', '여름로브가디건']"
2019-08-04,"['원피스', '롱원피스', '린넨원피스', '써스데이아일랜드원피스', '블라우스', '플라스틱아일랜드원피스', '여름원피스', '쥬시쥬디', '남자반바지', '여성원피스', '여성점프수트', '지고트원피스', '쉬즈미스원피스', '온앤온원피스', '랩원피스', '에고이스트원피스', '쉬폰원피스', '지컷원피스', '뷔스티에원피스', '리스트원피스']"
2019-08-05,"['원피스', '롱원피스', '써스데이아일랜드원피스', '린넨원피스', '블라우스', '플라스틱아일랜드원피스', '여름원피스', '남자반바지', '여성원피스', '쥬시쥬디', '여성점프수트', '지고트원피스', '쉬즈미스원피스', '온앤온원피스', '랩원피스', '에고이스트원피스', '지컷원피스', '뷔스티에원피스', '쉬폰원피스', '리스트원피스']"
2019-08-06,"['원피스', '롱원피스', '린넨원피스', '써스데이아일랜드원피스', '블라우스', '플라스틱아일랜드원피스', '여름원피스', '남자반바지', '여성원피스', '쥬시쥬디', '지고트원피스', '여성점프수트', '쉬즈미스원피스', '랩원피스', '온앤온원피스', '에고이스트원피스', '뷔스티에원피스', '지컷원피스', '쉬폰원피스', '리스트원피스']"
2019-08-07,"['원피스', '롱원피스', '린넨원피스', '써스데이아일랜드원피스', '블라우스', '플라스틱아일랜드원피스', '여름원피스', '남자반바지', '여성원피스', '쥬시쥬디', '여성점프수트', '지고트원피스', '쉬즈미스원피스', '랩원피스', '지컷원피스', '온앤온원피스', '뷔스티에원피스', '에고이스트원피스', '쉬폰원피스', '리스트원피스']"
2019-08-08,"['원피스', '롱원피스', '린넨원피스', '써스데이아일랜드원피스', '블라우스', '플라스틱아일랜드원피스', '여름원피스', '남자반바지', '여성원피스', '지고트원피스', '쥬시쥬디', '여성점프수트', '쉬즈미스원피스', '랩원피스', '뷔스티에원피스', '에고이스트원피스', '쉬폰원피스', '지컷원피스', '온앤온원피스', '리스트원피스']"
2019-08-09,"['원피스', '롱원피스', '린넨원피스', '써스데이아일랜드원피스', '블라우스', '플라스틱아일랜드원피스', '여름원피스', '남자반바지', '여성원피스', '쥬시쥬디', '여성점프수트', '지고트원피스', '쉬즈미스원피스', '랩원피스', '에고이스트원피스', '쉬폰원피스', '뷔스티에원피스', '온앤온원피스', '지컷원피스', '리스트원피스']"
2019-08-10,"['원피스', '롱원피스', '써스데이아일랜드원피스', '린넨원피스', '블라우스', '플라스틱아일랜드원피스', '여름원피스', '여성원피스', '쉬즈미스원피스', '남자반바지', '여성점프수트', '지고트원피스', '쥬시쥬디', '랩원피스', '뷔스티에원피스', '에고이스트원피스', '쉬폰원피스', '지컷원피스', '온앤온원피스', '리스트원피스']"
2019-08-11,"['원피스', '롱원피스', '써스데이아일랜드원피스', '린넨원피스', '블라우스', '플라스틱아일랜드원피스', '쉬즈미스원피스', '여성원피스', '여름원피스', '여성점프수트', '지고트원피스', '쥬시쥬디', '남자반바지', '랩원피스', '뷔스티에원피스', '쉬폰원피스', '지컷원피스', '에고이스트원피스', '온앤온원피스', '스포츠브라']"
2019-08-12,"['원피스', '롱원피스', '써스데이아일랜드원피스', '린넨원피스', '블라우스', '플라스틱아일랜드원피스', '쉬즈미스원피스', '여성원피스', '여성점프수트', '지고트원피스', '여름원피스', '쥬시쥬디', '랩원피스', '남자반바지', '지컷원피스', '쉬폰원피스', '뷔스티에원피스', '에고이스트원피스', '온앤온원피스', '에고이스트']"
2019-08-13,"['원피스', '롱원피스', '써스데이아일랜드원피스', '린넨원피스', '블라우스', '플라스틱아일랜드원피스', '쉬즈미스원피스', '여성원피스', '여성점프수트', '지고트원피스', '쥬시쥬디', '여름원피스', '랩원피스', '지컷원피스', '쉬폰원피스', '에고이스트원피스', '뷔스티에원피스', '모조에스핀원피스', '남자반바지', '온앤온원피스']"
2019-08-14,"['원피스', '롱원피스', '써스데이아일랜드원피스', '블라우스', '린넨원피스', '플라스틱아일랜드원피스', '쉬즈미스원피스', '여성원피스', '지고트원피스', '여성점프수트', '쥬시쥬디', '랩원피스', '여름원피스', '뷔스티에원피스', '지컷원피스', '에고이스트원피스', '쉬폰원피스', '모조에스핀원피스', '온앤온원피스', '스포츠브라']"
2019-08-15,"['원피스', '롱원피스', '써스데이아일랜드원피스', '블라우스', '린넨원피스', '플라스틱아일랜드원피스', '쉬즈미스원피스', '지고트원피스', '여성점프수트', '여성원피스', '쥬시쥬디', '지컷원피스', '모조에스핀원피스', '랩원피스', '에고이스트원피스', '뷔스티에원피스', '여름원피스', '에고이스트', '쉬폰원피스', '제시뉴욕']"
2019-08-16,"['원피스', '롱원피스', '블라우스', '써스데이아일랜드원피스', '린넨원피스', '쉬즈미스원피스', '플라스틱아일랜드원피스', '지고트원피스', '여성점프수트', '여성원피스', '쥬시쥬디', '모조에스핀원피스', '지컷원피스', '랩원피스', '에고이스트원피스', '에고이스트', '뷔스티에원피스', '여름원피스', '샤틴원피스', '제시뉴욕']"
2019-08-17,"['원피스', '블라우스', '롱원피스', '써스데이아일랜드원피스', '린넨원피스', '쉬즈미스원피스', '지고트원피스', '플라스틱아일랜드원피스', '여성점프수트', '여성원피스', '모조에스핀원피스', '쥬시쥬디', '지컷원피스', '에고이스트', '에고이스트원피스', '랩원피스', '뷔스티에원피스', '제시뉴욕', '샤틴원피스', '모조에스핀']"
2019-08-18,"['원피스', '블라우스', '롱원피스', '써스데이아일랜드원피스', '린넨원피스', '지고트원피스', '쉬즈미스원피스', '플라스틱아일랜드원피스', '모조에스핀원피스', '쥬시쥬디', '여성점프수트', '여성원피스', '에고이스트', '에고이스트원피스', '제시뉴욕', '모조에스핀', '지컷원피스', '샤틴원피스', '랩원피스', '뷔스티에원피스']"
2019-08-19,"['원피스', '블라우스', '롱원피스', '써스데이아일랜드원피스', '지고트원피스', '린넨원피스', '쉬즈미스원피스', '모조에스핀원피스', '플라스틱아일랜드원피스', '쥬시쥬디', '여성점프수트', '여성원피스', '에고이스트', '에고이스트원피스', '제시뉴욕', '모조에스핀', '샤틴원피스', '뷔스티에원피스', '지컷원피스', '온앤온원피스']"
2019-08-20,"['원피스', '블라우스', '써스데이아일랜드원피스', '롱원피스', '지고트원피스', '모조에스핀원피스', '린넨원피스', '쉬즈미스원피스', '플라스틱아일랜드원피스', '쥬시쥬디', '여성점프수트', '에고이스트', '제시뉴욕', '모조에스핀', '여성원피스', '에고이스트원피스', '샤틴원피스', '지컷원피스', '온앤온원피스', '뷔스티에원피스']"
2019-08-21,"['원피스', '블라우스', '써스데이아일랜드원피스', '롱원피스', '지고트원피스', '모조에스핀원피스', '쉬즈미스원피스', '린넨원피스', '플라스틱아일랜드원피스', '쥬시쥬디', '에고이스트', '여성점프수트', '모조에스핀', '제시뉴욕', '여성원피스', '에고이스트원피스', '가을원피스', '샤틴원피스', '지컷원피스', '온앤온원피스']"
2019-08-22,"['원피스', '블라우스', '써스데이아일랜드원피스', '롱원피스', '지고트원피스', '모조에스핀원피스', '쉬즈미스원피스', '린넨원피스', '플라스틱아일랜드원피스', '쥬시쥬디', '가을원피스', '에고이스트', '제시뉴욕', '모조에스핀', '여성점프수트', '에고이스트원피스', '여성원피스', '샤틴원피스', '지컷원피스', '온앤온원피스']"
2019-08-23,"['원피스', '블라우스', '써스데이아일랜드원피스', '롱원피스', '지고트원피스', '모조에스핀원피스', '가을원피스', '쉬즈미스원피스', '에고이스트', '쥬시쥬디', '제시뉴욕', '플라스틱아일랜드원피스', '린넨원피스', '에고이스트원피스', '모조에스핀', '여성점프수트', '샤틴원피스', '여성원피스', '지컷원피스', '온앤온원피스']"
2019-08-24,"['원피스', '블라우스', '써스데이아일랜드원피스', '롱원피스', '가을원피스', '지고트원피스', '여성점프수트', '모조에스핀원피스', '에고이스트', '쉬즈미스원피스', '제시뉴욕', '쥬시쥬디', '에고이스트원피스', '플라스틱아일랜드원피스', '모조에스핀', '샤틴원피스', '지컷원피스', '여성원피스', '온앤온원피스', '린넨원피스']"
2019-08-25,"['원피스', '써스데이아일랜드원피스', '블라우스', '롱원피스', '가을원피스', '여성점프수트', '지고트원피스', '모조에스핀원피스', '에고이스트', '쉬즈미스원피스', '제시뉴욕', '쥬시쥬디', '에고이스트원피스', '모조에스핀', '셔츠원피스', '샤틴원피스', '지컷원피스', '여성원피스', '플라스틱아일랜드원피스', '온앤온원피스']"
2019-08-26,"['원피스', '블라우스', '써스데이아일랜드원피스', '롱원피스', '가을원피스', '여성점프수트', '지고트원피스', '에고이스트', '모조에스핀원피스', '쉬즈미스원피스', '제시뉴욕', '쥬시쥬디', '셔츠원피스', '에고이스트원피스', '모조에스핀', '샤틴원피스', '여성원피스', '지컷원피스', '플라스틱아일랜드원피스', '지컷블라우스']"
2019-08-27,"['원피스', '써스데이아일랜드원피스', '블라우스', '가을원피스', '롱원피스', '여성점프수트', '에고이스트', '지고트원피스', '모조에스핀원피스', '쥬시쥬디', '제시뉴욕', '셔츠원피스', '쉬즈미스원피스', '모조에스핀', '에고이스트원피스', '트렌치코트', '샤틴원피스', '여성원피스', '지컷원피스', '플라스틱아일랜드원피스']"
2019-08-28,"['원피스', '가을원피스', '블라우스', '써스데이아일랜드원피스', '롱원피스', '여성점프수트', '에고이스트', '지고트원피스', '모조에스핀원피스', '쥬시쥬디', '제시뉴욕', '셔츠원피스', '모조에스핀', '쉬즈미스원피스', '트렌치코트', '에고이스트원피스', '레오파드스커트', '샤틴원피스', '지컷블라우스', '케네스레이디원피스']"
2019-08-29,"['원피스', '가을원피스', '블라우스', '써스데이아일랜드원피스', '롱원피스', '여성점프수트', '에고이스트', '지고트원피스', '모조에스핀원피스', '쥬시쥬디', '제시뉴욕', '셔츠원피스', '트렌치코트', '모조에스핀', '레오파드스커트', '에고이스트원피스', '쉬즈미스원피스', '샤틴원피스', '지컷블라우스', '케네스레이디원피스']"
2019-08-30,"['원피스', '가을원피스', '블라우스', '써스데이아일랜드원피스', '롱원피스', '여성점프수트', '에고이스트', '지고트원피스', '모조에스핀원피스', '쥬시쥬디', '레오파드스커트', '제시뉴욕', '셔츠원피스', '모조에스핀', '트렌치코트', '에고이스트원피스', '쉬즈미스원피스', '데님원피스', '지컷', '지컷블라우스']"
2019-08-31,"['원피스', '가을원피스', '블라우스', '써스데이아일랜드원피스', '롱원피스', '여성점프수트', '에고이스트', '레오파드스커트', '지고트원피스', '모조에스핀원피스', '쥬시쥬디', '제시뉴욕', '셔츠원피스', '모조에스핀', '트렌치코트', '데님원피스', '지컷', '에고이스트원피스', '쉬즈미스원피스', '트위드자켓']"
2019-09-01,"['원피스', '가을원피스', '블라우스', '써스데이아일랜드원피스', '롱원피스', '레오파드스커트', '에고이스트', '여성점프수트', '쥬시쥬디', '지고트원피스', '모조에스핀원피스', '셔츠원피스', '제시뉴욕', '모조에스핀', '트렌치코트', '트위드자켓', '지컷', '데님원피스', '호피스커트', '후드집업']"
2019-09-02,"['원피스', '가을원피스', '블라우스', '써스데이아일랜드원피스', '롱원피스', '레오파드스커트', '에고이스트', '쥬시쥬디', '여성점프수트', '지고트원피스', '모조에스핀원피스', '모조에스핀', '제시뉴욕', '셔츠원피스', '트렌치코트', '후드집업', '트위드자켓', '호피스커트', '데님원피스', '지컷']"
2019-09-03,"['원피스', '가을원피스', '블라우스', '써스데이아일랜드원피스', '레오파드스커트', '롱원피스', '에고이스트', '쥬시쥬디', '지고트원피스', '모조에스핀원피스', '여성점프수트', '후드집업', '모조에스핀', '셔츠원피스', '제시뉴욕', '트위드자켓', '트렌치코트', '호피스커트', '지컷', '여성가디건']"
2019-09-04,"['원피스', '가을원피스', '블라우스', '레오파드스커트', '써스데이아일랜드원피스', '롱원피스', '에고이스트', '쥬시쥬디', '후드집업', '모조에스핀원피스', '지고트원피스', '제시뉴욕', '셔츠원피스', '모조에스핀', '트위드자켓', '트렌치코트', '여성가디건', '호피스커트', '지컷', '여성점프수트']"
2019-09-05,"['원피스', '가을원피스', '블라우스', '레오파드스커트', '써스데이아일랜드원피스', '롱원피스', '에고이스트', '후드집업', '쥬시쥬디', '모조에스핀원피스', '지고트원피스', '모조에스핀', '트위드자켓', '셔츠원피스', '제시뉴욕', '여성가디건', '트렌치코트', '호피스커트', '지컷', '니트원피스']"
2019-09-06,"['원피스', '가을원피스', '블라우스', '써스데이아일랜드원피스', '레오파드스커트', '롱원피스', '에고이스트', '후드집업', '쥬시쥬디', '트위드자켓', '지고트원피스', '셔츠원피스', '모조에스핀', '모조에스핀원피스', '제시뉴욕', '지컷', '트렌치코트', '여성가디건', '호피스커트', '니트원피스']"
2019-09-07,"['원피스', '가을원피스', '블라우스', '써스데이아일랜드원피스', '롱원피스', '레오파드스커트', '에고이스트', '후드집업', '쥬시쥬디', '트위드자켓', '모조에스핀', '지고트원피스', '셔츠원피스', '제시뉴욕', '여성가디건', '모조에스핀원피스', '트렌치코트', '니트원피스', '지컷', '호피스커트']"
2019-09-08,"['원피스', '가을원피스', '블라우스', '써스데이아일랜드원피스', '롱원피스', '에고이스트', '후드집업', '레오파드스커트', '쥬시쥬디', '트위드자켓', '지고트원피스', '모조에스핀', '니트원피스', '셔츠원피스', '제시뉴욕', '모조에스핀원피스', '여성가디건', '지컷', '트렌치코트', '가디건']"
2019-09-09,"['원피스', '가을원피스', '블라우스', '써스데이아일랜드원피스', '롱원피스', '에고이스트', '후드집업', '쥬시쥬디', '트위드자켓', '레오파드스커트', '모조에스핀', '지고트원피스', '셔츠원피스', '니트원피스', '모조에스핀원피스', '제시뉴욕', '지컷', '여성가디건', '트렌치코트', '여성점프수트']"
2019-09-10,"['원피스', '가을원피스', '블라우스', '써스데이아일랜드원피스', '롱원피스', '에고이스트', '쥬시쥬디', '트위드자켓', '후드집업', '모조에스핀원피스', '레오파드스커트', '모조에스핀', '지고트원피스', '셔츠원피스', '니트원피스', '제시뉴욕', '지컷', '여성가디건', '여성점프수트', '트렌치코트']"
2019-09-11,"['원피스', '가을원피스', '블라우스', '써스데이아일랜드원피스', '쥬시쥬디', '에고이스트', '롱원피스', '트위드자켓', '후드집업', '모조에스핀', '모조에스핀원피스', '지고트원피스', '니트원피스', '셔츠원피스', '레오파드스커트', '제시뉴욕', '여성점프수트', '지컷', '여성가디건', '써스데이아일랜드']"
2019-09-12,"['원피스', '가을원피스', '블라우스', '써스데이아일랜드원피스', '쥬시쥬디', '에고이스트', '롱원피스', '트위드자켓', '모조에스핀원피스', '모조에스핀', '후드집업', '지고트원피스', '니트원피스', '셔츠원피스', '제시뉴욕', '여성점프수트', '레오파드스커트', '지컷', '트렌치코트', '여성가디건']"
2019-09-13,"['원피스', '가을원피스', '블라우스', '써스데이아일랜드원피스', '에고이스트', '쥬시쥬디', '롱원피스', '트위드자켓', '모조에스핀원피스', '모조에스핀', '후드집업', '지고트원피스', '니트원피스', '제시뉴욕', '여성점프수트', '셔츠원피스', '레오파드스커트', '여성가디건', '체크자켓', '지컷']"
2019-09-14,"['원피스', '가을원피스', '블라우스', '써스데이아일랜드원피스', '에고이스트', '쥬시쥬디', '모조에스핀원피스', '롱원피스', '트위드자켓', '모조에스핀', '후드집업', '지고트원피스', '제시뉴욕', '니트원피스', '셔츠원피스', '여성점프수트', '여성가디건', '지컷', '맨투맨', '레오파드스커트']"
2019-09-15,"['원피스', '가을원피스', '블라우스', '써스데이아일랜드원피스', '에고이스트', '쥬시쥬디', '모조에스핀원피스', '롱원피스', '트위드자켓', '모조에스핀', '후드집업', '지고트원피스', '제시뉴욕', '여성가디건', '니트원피스', '여성점프수트', '셔츠원피스', '지컷', '맨투맨', '체크자켓']"
2019-09-16,"['원피스', '가을원피스', '블라우스', '써스데이아일랜드원피스', '에고이스트', '쥬시쥬디', '모조에스핀원피스', '롱원피스', '트위드자켓', '후드집업', '모조에스핀', '지고트원피스', '여성가디건', '제시뉴욕', '니트원피스', '맨투맨', '셔츠원피스', '지컷', '여성점프수트', '체크자켓']"
2019-09-17,"['원피스', '가을원피스', '블라우스', '써스데이아일랜드원피스', '에고이스트', '쥬시쥬디', '모조에스핀원피스', '롱원피스', '후드집업', '트위드자켓', '지고트원피스', '모조에스핀', '여성가디건', '제시뉴욕', '니트원피스', '맨투맨', '셔츠원피스', '지컷', '여성점프수트', '체크자켓']"
2019-09-18,"['원피스', '가을원피스', '블라우스', '써스데이아일랜드원피스', '에고이스트', '후드집업', '모조에스핀원피스', '쥬시쥬디', '롱원피스', '지고트원피스', '트위드자켓', '여성가디건', '모조에스핀', '니트원피스', '제시뉴욕', '맨투맨', '셔츠원피스', '지컷', '여성점프수트', '체크자켓']"
2019-09-19,"['원피스', '가을원피스', '블라우스', '후드집업', '써스데이아일랜드원피스', '에고이스트', '쥬시쥬디', '모조에스핀원피스', '롱원피스', '트위드자켓', '여성가디건', '지고트원피스', '니트원피스', '모조에스핀', '맨투맨', '제시뉴욕', '셔츠원피스', '지컷', '가디건', '후드티']"
2019-09-20,"['원피스', '가을원피스', '블라우스', '후드집업', '써스데이아일랜드원피스', '에고이스트', '쥬시쥬디', '롱원피스', '여성가디건', '모조에스핀원피스', '트위드자켓', '지고트원피스', '니트원피스', '맨투맨', '모조에스핀', '가디건', '제시뉴욕', '셔츠원피스', '지컷', '후드티']"
2019-09-21,"['원피스', '가을원피스', '블라우스', '후드집업', '써스데이아일랜드원피스', '여성가디건', '롱원피스', '에고이스트', '쥬시쥬디', '모조에스핀원피스', '트위드자켓', '니트원피스', '지고트원피스', '맨투맨', '모조에스핀', '가디건', '후드티', '여자맨투맨', '제시뉴욕', '셔츠원피스']"
2019-09-22,"['원피스', '가을원피스', '후드집업', '블라우스', '여성가디건', '써스데이아일랜드원피스', '롱원피스', '에고이스트', '니트원피스', '쥬시쥬디', '맨투맨', '트위드자켓', '모조에스핀원피스', '후드티', '가디건', '여자맨투맨', '모조에스핀', '지고트원피스', '여성트레이닝세트', '여성자켓']"
2019-09-23,"['원피스', '가을원피스', '후드집업', '블라우스', '여성가디건', '써스데이아일랜드원피스', '맨투맨', '니트원피스', '에고이스트', '롱원피스', '트위드자켓', '쥬시쥬디', '후드티', '가디건', '여자맨투맨', '모조에스핀원피스', '모조에스핀', '지고트원피스', '여성자켓', '여성트레이닝세트']"
2019-09-24,"['원피스', '후드집업', '가을원피스', '여성가디건', '블라우스', '맨투맨', '써스데이아일랜드원피스', '니트원피스', '트위드자켓', '후드티', '여자맨투맨', '롱원피스', '에고이스트', '가디건', '쥬시쥬디', '모조에스핀원피스', '후리스', '여성자켓', '모조에스핀', '여성트레이닝세트']"
2019-09-25,"['원피스', '후드집업', '가을원피스', '여성가디건', '블라우스', '맨투맨', '후드티', '니트원피스', '가디건', '트위드자켓', '여자맨투맨', '롱원피스', '써스데이아일랜드원피스', '에고이스트', '쥬시쥬디', '후리스', '여성자켓', '모조에스핀원피스', '여성트레이닝세트', '모조에스핀']"
2019-09-26,"['원피스', '후드집업', '가을원피스', '여성가디건', '블라우스', '맨투맨', '후드티', '니트원피스', '여자맨투맨', '가디건', '트위드자켓', '롱원피스', '에고이스트', '써스데이아일랜드원피스', '쥬시쥬디', '후리스', '여성자켓', '모조에스핀', '모조에스핀원피스', '여성트레이닝세트']"
2019-09-27,"['원피스', '가을원피스', '후드집업', '여성가디건', '블라우스', '맨투맨', '후드티', '여자맨투맨', '니트원피스', '트위드자켓', '롱원피스', '에고이스트', '가디건', '써스데이아일랜드원피스', '쥬시쥬디', '여성자켓', '후리스', '여성트레이닝세트', '모조에스핀원피스', '트렌치코트']"
2019-09-28,"['원피스', '가을원피스', '후드집업', '여성가디건', '블라우스', '맨투맨', '여자맨투맨', '트위드자켓', '후드티', '니트원피스', '롱원피스', '에고이스트', '써스데이아일랜드원피스', '가디건', '쥬시쥬디', '여성자켓', '후리스', '트렌치코트', '모조에스핀원피스', '여성트레이닝세트']"
2019-09-29,"['원피스', '가을원피스', '후드집업', '여성가디건', '블라우스', '트위드자켓', '써스데이아일랜드원피스', '롱원피스', '여자맨투맨', '맨투맨', '에고이스트', '후드티', '니트원피스', '가디건', '쥬시쥬디', '여성자켓', '후리스', '여성트레이닝세트', '트렌치코트', '모조에스핀원피스']"
2019-09-30,"['원피스', '가을원피스', '후드집업', '블라우스', '여성가디건', '써스데이아일랜드원피스', '롱원피스', '트위드자켓', '여자맨투맨', '에고이스트', '맨투맨', '니트원피스', '후드티', '쥬시쥬디', '가디건', '여성자켓', '모조에스핀원피스', '트렌치코트', '여성트레이닝세트', '후리스']"
2019-10-01,"['원피스', '가을원피스', '블라우스', '후드집업', '여성가디건', '써스데이아일랜드원피스', '롱원피스', '트위드자켓', '에고이스트', '니트원피스', '여자맨투맨', '맨투맨', '쥬시쥬디', '후드티', '가디건', '모조에스핀원피스', '모조에스핀', '여성자켓', '지고트원피스', '여성트레이닝세트']"
2019-10-02,"['원피스', '가을원피스', '블라우스', '써스데이아일랜드원피스', '후드집업', '롱원피스', '여성가디건', '트위드자켓', '에고이스트', '니트원피스', '여자맨투맨', '쥬시쥬디', '맨투맨', '후드티', '모조에스핀원피스', '모조에스핀', '가디건', '지고트원피스', '여성자켓', '여성트레이닝세트']"
2019-10-03,"['원피스', '가을원피스', '블라우스', '써스데이아일랜드원피스', '에고이스트', '트위드자켓', '롱원피스', '후드집업', '여성가디건', '니트원피스', '여자맨투맨', '쥬시쥬디', '맨투맨', '후드티', '모조에스핀', '모조에스핀원피스', '가디건', '지고트원피스', '여성자켓', '여성트레이닝세트']"
2019-10-04,"['원피스', '가을원피스', '블라우스', '써스데이아일랜드원피스', '트위드자켓', '에고이스트', '롱원피스', '후드집업', '니트원피스', '여성가디건', '여자맨투맨', '쥬시쥬디', '맨투맨', '후드티', '모조에스핀', '모조에스핀원피스', '지고트원피스', '가디건', '여성자켓', '여성트레이닝세트']"
2019-10-05,"['원피스', '블라우스', '가을원피스', '써스데이아일랜드원피스', '에고이스트', '니트원피스', '트위드자켓', '후드집업', '롱원피스', '여성가디건', '여자맨투맨', '쥬시쥬디', '맨투맨', '후드티', '모조에스핀', '모조에스핀원피스', '가디건', '지고트원피스', '여성자켓', '여성트레이닝세트']"
2019-10-06,"['원피스', '블라우스', '가을원피스', '써스데이아일랜드원피스', '니트원피스', '트위드자켓', '에고이스트', '롱원피스', '후드집업', '여자맨투맨', '여성가디건', '쥬시쥬디', '맨투맨', '후드티', '모조에스핀', '모조에스핀원피스', '가디건', '지고트원피스', '여성자켓', '여성트레이닝세트']"
2019-10-07,"['원피스', '블라우스', '후드집업', '써스데이아일랜드원피스', '니트원피스', '트위드자켓', '가을원피스', '에고이스트', '여성가디건', '여자맨투맨', '롱원피스', '맨투맨', '후드티', '쥬시쥬디', '모조에스핀', '가디건', '여성경량패딩', '후리스', '모조에스핀원피스', '여성자켓']"
2019-10-08,"['원피스', '블라우스', '후드집업', '니트원피스', '트위드자켓', '써스데이아일랜드원피스', '여성가디건', '여자맨투맨', '후드티', '에고이스트', '가을원피스', '맨투맨', '롱원피스', '여성경량패딩', '쥬시쥬디', '후리스', '가디건', '여성자켓', '모조에스핀', '모조에스핀원피스']"
2019-10-09,"['원피스', '후드집업', '니트원피스', '여성경량패딩', '블라우스', '트위드자켓', '여성가디건', '후드티', '맨투맨', '여자맨투맨', '써스데이아일랜드원피스', '에고이스트', '후리스', '가을원피스', '롱원피스', '쥬시쥬디', '여성자켓', '가디건', '모조에스핀', '여성트레이닝세트']"
2019-10-10,"['원피스', '여성경량패딩', '후드집업', '니트원피스', '여성가디건', '후드티', '트위드자켓', '후리스', '블라우스', '맨투맨', '여자맨투맨', '에고이스트', '써스데이아일랜드원피스', '가을원피스', '롱원피스', '쥬시쥬디', '남자경량패딩', '가디건', '여성자켓', '트렌치코트']"
2019-10-11,"['원피스', '여성경량패딩', '후드집업', '니트원피스', '여성가디건', '후리스', '후드티', '트위드자켓', '맨투맨', '여자맨투맨', '블라우스', '에고이스트', '써스데이아일랜드원피스', '남자경량패딩', '롱원피스', '가을원피스', '쥬시쥬디', '가디건', '여성자켓', '트렌치코트']"
2019-10-12,"['여성경량패딩', '원피스', '후드집업', '니트원피스', '후리스', '여성가디건', '후드티', '트위드자켓', '맨투맨', '여자맨투맨', '남자경량패딩', '블라우스', '에고이스트', '써스데이아일랜드원피스', '롱원피스', '트렌치코트', '핸드메이드코트', '가디건', '남자맨투맨', '쥬시쥬디']"
2019-10-13,"['여성경량패딩', '원피스', '후드집업', '후리스', '니트원피스', '여성가디건', '후드티', '트위드자켓', '맨투맨', '여자맨투맨', '남자경량패딩', '에고이스트', '써스데이아일랜드원피스', '블라우스', '핸드메이드코트', '가디건', '양털후리스', '남자맨투맨', '트렌치코트', '롱원피스']"
2019-10-14,"['여성경량패딩', '원피스', '후드집업', '후리스', '니트원피스', '여성가디건', '후드티', '트위드자켓', '남자경량패딩', '맨투맨', '여자맨투맨', '써스데이아일랜드원피스', '에고이스트', '양털후리스', '핸드메이드코트', '블라우스', '남자맨투맨', '가디건', '롱원피스', '트렌치코트']"
2019-10-15,"['여성경량패딩', '원피스', '후리스', '후드집업', '니트원피스', '여성가디건', '후드티', '남자경량패딩', '트위드자켓', '맨투맨', '여자맨투맨', '양털후리스', '핸드메이드코트', '써스데이아일랜드원피스', '남자맨투맨', '에고이스트', '블라우스', '롱원피스', '여성트레이닝세트', '여성자켓']"
2019-10-16,"['여성경량패딩', '후리스', '원피스', '후드집업', '니트원피스', '남자경량패딩', '여성가디건', '후드티', '트위드자켓', '맨투맨', '여자맨투맨', '양털후리스', '핸드메이드코트', '써스데이아일랜드원피스', '에고이스트', '블라우스', '남자맨투맨', '롱원피스', '여성트렌치코트', '가디건']"
2019-10-17,"['여성경량패딩', '후리스', '원피스', '니트원피스', '후드집업', '남자경량패딩', '여성가디건', '트위드자켓', '후드티', '맨투맨', '핸드메이드코트', '여자맨투맨', '양털후리스', '써스데이아일랜드원피스', '에고이스트', '블라우스', '남자맨투맨', '롱원피스', '여성트렌치코트', '패딩조끼']"
2019-10-18,"['여성경량패딩', '후리스', '원피스', '니트원피스', '후드집업', '남자경량패딩', '트위드자켓', '여성가디건', '후드티', '핸드메이드코트', '맨투맨', '양털후리스', '여자맨투맨', '에고이스트', '패딩조끼', '여성트렌치코트', '써스데이아일랜드원피스', '남자맨투맨', '블라우스', '롱원피스']"
2019-10-19,"['여성경량패딩', '후리스', '니트원피스', '원피스', '남자경량패딩', '후드집업', '트위드자켓', '여성가디건', '후드티', '핸드메이드코트', '양털후리스', '맨투맨', '패딩조끼', '여자맨투맨', '에고이스트', '여성트렌치코트', '남자맨투맨', '블라우스', '롱원피스', '써스데이아일랜드원피스']"
2019-10-20,"['여성경량패딩', '후리스', '니트원피스', '원피스', '남자경량패딩', '후드집업', '트위드자켓', '여성가디건', '핸드메이드코트', '후드티', '양털후리스', '맨투맨', '에고이스트', '여성트렌치코트', '패딩조끼', '여자맨투맨', '쥬시쥬디', '롱원피스', '블라우스', '남자맨투맨']"
2019-10-21,"['여성경량패딩', '후리스', '니트원피스', '원피스', '남자경량패딩', '트위드자켓', '후드집업', '여성가디건', '핸드메이드코트', '후드티', '양털후리스', '맨투맨', '여성트렌치코트', '에고이스트', '패딩조끼', '여자맨투맨', '쥬시쥬디', '롱원피스', '남자맨투맨', '블라우스']"
2019-10-22,"['여성경량패딩', '후리스', '니트원피스', '원피스', '남자경량패딩', '트위드자켓', '후드집업', '핸드메이드코트', '여성가디건', '후드티', '양털후리스', '맨투맨', '에고이스트', '여성트렌치코트', '패딩조끼', '쥬시쥬디', '여자맨투맨', '롱원피스', '써스데이아일랜드원피스', '남자맨투맨']"
2019-10-23,"['여성경량패딩', '니트원피스', '후리스', '원피스', '남자경량패딩', '트위드자켓', '핸드메이드코트', '여성가디건', '후드집업', '후드티', '맨투맨', '에고이스트', '양털후리스', '여성트렌치코트', '쥬시쥬디', '패딩조끼', '써스데이아일랜드원피스', '롱원피스', '여자맨투맨', '남자맨투맨']"
2019-10-24,"['여성경량패딩', '니트원피스', '원피스', '후리스', '남자경량패딩', '트위드자켓', '핸드메이드코트', '여성가디건', '후드티', '후드집업', '에고이스트', '맨투맨', '양털후리스', '쥬시쥬디', '여성트렌치코트', '써스데이아일랜드원피스', '롱원피스', '여자맨투맨', '패딩조끼', '블라우스']"
2019-10-25,"['여성경량패딩', '니트원피스', '원피스', '후리스', '트위드자켓', '남자경량패딩', '핸드메이드코트', '여성가디건', '후드티', '에고이스트', '후드집업', '맨투맨', '써스데이아일랜드원피스', '쥬시쥬디', '롱원피스', '여성트렌치코트', '양털후리스', '여자맨투맨', '블라우스', '패딩조끼']"
2019-10-26,"['여성경량패딩', '니트원피스', '원피스', '후리스', '남자경량패딩', '트위드자켓', '핸드메이드코트', '에고이스트', '여성가디건', '후드티', '후드집업', '써스데이아일랜드원피스', '맨투맨', '롱원피스', '쥬시쥬디', '양털후리스', '여자맨투맨', '여성트렌치코트', '블라우스', '패딩조끼']"
2019-10-27,"['여성경량패딩', '니트원피스', '원피스', '남자경량패딩', '후리스', '핸드메이드코트', '트위드자켓', '후드티', '에고이스트', '여성가디건', '후드집업', '양털후리스', '내셔널지오그래픽뽀글이', '써스데이아일랜드원피스', '롱원피스', '쥬시쥬디', '패딩조끼', '맨투맨', '여자맨투맨', '여성트렌치코트']"
2019-10-28,"['여성경량패딩', '남자경량패딩', '후리스', '니트원피스', '원피스', '핸드메이드코트', '양털후리스', '내셔널지오그래픽뽀글이', '트위드자켓', '에고이스트', '후드집업', '후드티', '여성가디건', '패딩조끼', '써스데이아일랜드원피스', '롱원피스', '쥬시쥬디', '맨투맨', '여자맨투맨', '니트']"
2019-10-29,"['여성경량패딩', '남자경량패딩', '후리스', '니트원피스', '핸드메이드코트', '원피스', '양털후리스', '내셔널지오그래픽뽀글이', '트위드자켓', '후드집업', '에고이스트', '패딩조끼', '후드티', '여성가디건', '써스데이아일랜드원피스', '롱원피스', '쥬시쥬디', '롱패딩', '여성패딩조끼', '남자패딩조끼']"
2019-10-30,"['여성경량패딩', '남자경량패딩', '후리스', '핸드메이드코트', '양털후리스', '니트원피스', '원피스', '내셔널지오그래픽뽀글이', '패딩조끼', '후드집업', '트위드자켓', '에고이스트', '후드티', '롱패딩', '여성패딩조끼', '남자패딩조끼', '여성가디건', '써스데이아일랜드원피스', '쥬시쥬디', '후리스집업']"
2019-10-31,"['여성경량패딩', '남자경량패딩', '후리스', '양털후리스', '핸드메이드코트', '니트원피스', '원피스', '내셔널지오그래픽뽀글이', '패딩조끼', '후드집업', '트위드자켓', '롱패딩', '에고이스트', '여성패딩조끼', '후드티', '남자패딩조끼', '후리스집업', '양털후드집업', '써스데이아일랜드원피스', '쥬시쥬디']"
2019-11-01,"['여성경량패딩', '남자경량패딩', '후리스', '양털후리스', '핸드메이드코트', '니트원피스', '내셔널지오그래픽뽀글이', '원피스', '패딩조끼', '후드집업', '롱패딩', '여성패딩조끼', '후드티', '남자패딩조끼', '에고이스트', '트위드자켓', '양털후드집업', '후리스집업', '휠라후리스', '여성숏패딩']"
2019-11-02,"['여성경량패딩', '남자경량패딩', '후리스', '양털후리스', '핸드메이드코트', '니트원피스', '내셔널지오그래픽뽀글이', '원피스', '패딩조끼', '롱패딩', '여성패딩조끼', '후드집업', '남자패딩조끼', '후드티', '여성숏패딩', '양털후드집업', '트위드자켓', '후리스집업', '쥬시쥬디', '에고이스트']"
2019-11-03,"['여성경량패딩', '남자경량패딩', '후리스', '양털후리스', '핸드메이드코트', '니트원피스', '원피스', '내셔널지오그래픽뽀글이', '패딩조끼', '롱패딩', '여성패딩조끼', '여성숏패딩', '후드집업', '남자패딩조끼', '후드티', '트위드자켓', '양털후드집업', '쥬시쥬디', '후리스집업', '에고이스트']"
2019-11-04,"['여성경량패딩', '남자경량패딩', '후리스', '양털후리스', '핸드메이드코트', '니트원피스', '원피스', '내셔널지오그래픽뽀글이', '패딩조끼', '여성패딩조끼', '롱패딩', '여성숏패딩', '남자패딩조끼', '후드티', '후드집업', '트위드자켓', '쥬시쥬디', '양털후드집업', '써스데이아일랜드원피스', '에고이스트']"
2019-11-05,"['여성경량패딩', '남자경량패딩', '후리스', '양털후리스', '핸드메이드코트', '니트원피스', '원피스', '내셔널지오그래픽뽀글이', '여성패딩조끼', '패딩조끼', '롱패딩', '여성숏패딩', '쥬시쥬디', '후드티', '후드집업', '남자패딩조끼', '써스데이아일랜드원피스', '트위드자켓', '에고이스트', '몽클레어여성패딩']"
2019-11-06,"['여성경량패딩', '남자경량패딩', '후리스', '핸드메이드코트', '양털후리스', '니트원피스', '원피스', '내셔널지오그래픽뽀글이', '여성패딩조끼', '여성숏패딩', '롱패딩', '패딩조끼', '쥬시쥬디', '후드티', '후드집업', '남자패딩조끼', '에고이스트', '써스데이아일랜드원피스', '트위드자켓', '몽클레어여성패딩']"
2019-11-07,"['여성경량패딩', '남자경량패딩', '후리스', '핸드메이드코트', '양털후리스', '니트원피스', '원피스', '내셔널지오그래픽뽀글이', '여성숏패딩', '여성패딩조끼', '롱패딩', '패딩조끼', '쥬시쥬디', '남자패딩조끼', '후드티', '후드집업', '몽클레어여성패딩', '써스데이아일랜드원피스', '에고이스트', '트위드자켓']"
2019-11-08,"['여성경량패딩', '남자경량패딩', '후리스', '핸드메이드코트', '양털후리스', '니트원피스', '원피스', '여성숏패딩', '롱패딩', '여성패딩조끼', '내셔널지오그래픽뽀글이', '패딩조끼', '쥬시쥬디', '남자패딩조끼', '후드집업', '몽클레어여성패딩', '양털후드집업', '후드티', '트위드자켓', '써스데이아일랜드원피스']"
2019-11-09,"['여성경량패딩', '남자경량패딩', '후리스', '핸드메이드코트', '양털후리스', '니트원피스', '롱패딩', '여성숏패딩', '원피스', '여성패딩조끼', '내셔널지오그래픽뽀글이', '패딩조끼', '쥬시쥬디', '남자패딩조끼', '몽클레어여성패딩', '양털후드집업', '후드티', '후드집업', '파타고니아후리스', '경량패딩']"
2019-11-10,"['여성경량패딩', '남자경량패딩', '핸드메이드코트', '후리스', '양털후리스', '롱패딩', '여성숏패딩', '니트원피스', '원피스', '여성패딩조끼', '내셔널지오그래픽뽀글이', '패딩조끼', '남자패딩조끼', '몽클레어여성패딩', '쥬시쥬디', '여성패딩', '양털후드집업', '파타고니아후리스', '경량패딩', '패딩']"
2019-11-11,"['여성경량패딩', '남자경량패딩', '핸드메이드코트', '후리스', '양털후리스', '롱패딩', '여성숏패딩', '니트원피스', '여성패딩조끼', '원피스', '내셔널지오그래픽뽀글이', '남자패딩조끼', '몽클레어여성패딩', '여성패딩', '패딩조끼', '쥬시쥬디', '양털후드집업', '패딩', '파타고니아후리스', '숏패딩']"
2019-11-12,"['여성경량패딩', '남자경량패딩', '핸드메이드코트', '양털후리스', '후리스', '롱패딩', '여성숏패딩', '니트원피스', '여성패딩조끼', '원피스', '여성패딩', '내셔널지오그래픽뽀글이', '몽클레어여성패딩', '남자패딩조끼', '패딩', '패딩조끼', '양털후드집업', '숏패딩', '쥬시쥬디', '파타고니아후리스']"
2019-11-13,"['여성경량패딩', '남자경량패딩', '핸드메이드코트', '롱패딩', '양털후리스', '후리스', '여성숏패딩', '니트원피스', '여성패딩조끼', '여성패딩', '몽클레어여성패딩', '남자패딩조끼', '패딩', '원피스', '내셔널지오그래픽뽀글이', '숏패딩', '패딩조끼', '양털후드집업', '쥬시쥬디', '파타고니아후리스']"
2019-11-14,"['여성경량패딩', '남자경량패딩', '롱패딩', '핸드메이드코트', '여성숏패딩', '양털후리스', '후리스', '여성패딩', '니트원피스', '몽클레어여성패딩', '패딩', '여성패딩조끼', '숏패딩', '남자패딩조끼', '아디다스롱패딩', '여성롱패딩', '내셔널지오그래픽뽀글이', '원피스', '노스페이스패딩', '남자패딩']"
2019-11-15,"['여성경량패딩', '롱패딩', '남자경량패딩', '핸드메이드코트', '여성숏패딩', '양털후리스', '후리스', '여성패딩', '몽클레어여성패딩', '패딩', '아디다스롱패딩', '니트원피스', '여성롱패딩', '숏패딩', '여성패딩조끼', '남자패딩조끼', '노스페이스패딩', '남자패딩', '내셔널지오그래픽뽀글이', '원피스']"
2019-11-16,"['여성경량패딩', '롱패딩', '남자경량패딩', '여성숏패딩', '핸드메이드코트', '양털후리스', '후리스', '여성패딩', '몽클레어여성패딩', '아디다스롱패딩', '패딩', '여성롱패딩', '니트원피스', '숏패딩', '노스페이스패딩', '여성패딩조끼', '남자패딩조끼', '남자패딩', '내셔널지오그래픽뽀글이', '원피스']"
2019-11-17,"['롱패딩', '여성경량패딩', '남자경량패딩', '여성숏패딩', '핸드메이드코트', '양털후리스', '후리스', '여성패딩', '몽클레어여성패딩', '아디다스롱패딩', '여성롱패딩', '패딩', '니트원피스', '노스페이스패딩', '숏패딩', '남자패딩', '여성패딩조끼', '남자패딩조끼', '남자롱패딩', '원피스']"
2019-11-18,"['롱패딩', '여성경량패딩', '여성숏패딩', '남자경량패딩', '핸드메이드코트', '양털후리스', '여성패딩', '후리스', '아디다스롱패딩', '몽클레어여성패딩', '여성롱패딩', '패딩', '노스페이스패딩', '숏패딩', '남자패딩', '니트원피스', '남자롱패딩', '남자패딩조끼', '여성패딩조끼', '원피스']"
2019-11-19,"['롱패딩', '여성숏패딩', '여성경량패딩', '남자경량패딩', '핸드메이드코트', '여성패딩', '여성롱패딩', '아디다스롱패딩', '양털후리스', '몽클레어여성패딩', '후리스', '패딩', '남자롱패딩', '노스페이스패딩', '남자패딩', '숏패딩', '니트원피스', '내셔널지오그래픽롱패딩', '남자패딩조끼', '여성패딩조끼']"
2019-11-20,"['롱패딩', '여성숏패딩', '여성경량패딩', '남자경량패딩', '여성롱패딩', '여성패딩', '핸드메이드코트', '아디다스롱패딩', '몽클레어여성패딩', '남자롱패딩', '패딩', '양털후리스', '노스페이스패딩', '후리스', '남자패딩', '숏패딩', '여자롱패딩', '내셔널지오그래픽롱패딩', '니트원피스', '남자숏패딩']"
2019-11-21,"['롱패딩', '여성숏패딩', '여성롱패딩', '여성경량패딩', '남자경량패딩', '여성패딩', '핸드메이드코트', '아디다스롱패딩', '남자롱패딩', '몽클레어여성패딩', '패딩', '노스페이스패딩', '양털후리스', '남자패딩', '여자롱패딩', '후리스', '숏패딩', '내셔널지오그래픽롱패딩', '니트원피스', '남자숏패딩']"
2019-11-22,"['롱패딩', '여성숏패딩', '여성롱패딩', '여성경량패딩', '남자경량패딩', '여성패딩', '핸드메이드코트', '남자롱패딩', '아디다스롱패딩', '몽클레어여성패딩', '패딩', '노스페이스패딩', '남자패딩', '양털후리스', '여자롱패딩', '니트원피스', '숏패딩', '내셔널지오그래픽롱패딩', '후리스', '남자숏패딩']"
2019-11-23,"['롱패딩', '여성숏패딩', '여성롱패딩', '여성패딩', '여성경량패딩', '남자경량패딩', '핸드메이드코트', '남자롱패딩', '몽클레어여성패딩', '아디다스롱패딩', '패딩', '노스페이스패딩', '여자롱패딩', '남자패딩', '니트원피스', '숏패딩', '양털후리스', '내셔널지오그래픽롱패딩', '후리스', '남자숏패딩']"
2019-11-24,"['롱패딩', '여성숏패딩', '여성롱패딩', '여성경량패딩', '여성패딩', '핸드메이드코트', '남자경량패딩', '남자롱패딩', '몽클레어여성패딩', '아디다스롱패딩', '패딩', '여자롱패딩', '니트원피스', '노스페이스패딩', '남자패딩', '숏패딩', '양털후리스', '내셔널지오그래픽롱패딩', '여성구스다운', '남자숏패딩']"
2019-11-25,"['롱패딩', '여성숏패딩', '여성롱패딩', '여성패딩', '여성경량패딩', '핸드메이드코트', '남자경량패딩', '남자롱패딩', '몽클레어여성패딩', '아디다스롱패딩', '여자롱패딩', '패딩', '니트원피스', '노스페이스패딩', '남자패딩', '숏패딩', '내셔널지오그래픽롱패딩', '양털후리스', '여성구스다운', '원피스']"
2019-11-26,"['롱패딩', '여성숏패딩', '여성롱패딩', '여성경량패딩', '핸드메이드코트', '여성패딩', '남자경량패딩', '남자롱패딩', '몽클레어여성패딩', '니트원피스', '여자롱패딩', '아디다스롱패딩', '패딩', '노스페이스패딩', '숏패딩', '남자패딩', '원피스', '남자숏패딩', '양털후리스', '보브패딩']"
2019-11-27,"['여성숏패딩', '롱패딩', '핸드메이드코트', '여성경량패딩', '여성롱패딩', '여성패딩', '남자경량패딩', '몽클레어여성패딩', '니트원피스', '남자롱패딩', '여자롱패딩', '패딩', '아디다스롱패딩', '숏패딩', '원피스', '노스페이스패딩', '남자패딩', '남자숏패딩', '여성코트', '양털후리스']"
2019-11-28,"['여성숏패딩', '롱패딩', '핸드메이드코트', '여성경량패딩', '여성패딩', '여성롱패딩', '남자경량패딩', '니트원피스', '몽클레어여성패딩', '남자롱패딩', '여자롱패딩', '패딩', '원피스', '숏패딩', '남자패딩', '노스페이스패딩', '아디다스롱패딩', '여성코트', '남자숏패딩', '몽클레어남자패딩']"
2019-11-29,"['여성숏패딩', '롱패딩', '핸드메이드코트', '여성경량패딩', '여성패딩', '여성롱패딩', '남자경량패딩', '니트원피스', '몽클레어여성패딩', '남자롱패딩', '여자롱패딩', '패딩', '원피스', '숏패딩', '남자패딩', '노스페이스패딩', '여성코트', '아디다스롱패딩', '남자숏패딩', '코트']"
2019-11-30,"['여성숏패딩', '롱패딩', '핸드메이드코트', '여성패딩', '여성경량패딩', '여성롱패딩', '남자경량패딩', '니트원피스', '몽클레어여성패딩', '남자롱패딩', '여자롱패딩', '패딩', '원피스', '숏패딩', '남자패딩', '노스페이스패딩', '여성코트', '아디다스롱패딩', '코트', '남자숏패딩']"
2019-12-01,"['여성숏패딩', '롱패딩', '핸드메이드코트', '여성패딩', '여성롱패딩', '여성경량패딩', '남자경량패딩', '몽클레어여성패딩', '니트원피스', '남자롱패딩', '여자롱패딩', '패딩', '원피스', '숏패딩', '남자패딩', '노스페이스패딩', '여성코트', '남자숏패딩', '코트', '여자무스탕']"
2019-12-02,"['여성숏패딩', '롱패딩', '여성롱패딩', '여성패딩', '핸드메이드코트', '여성경량패딩', '남자롱패딩', '몽클레어여성패딩', '남자경량패딩', '니트원피스', '여자롱패딩', '패딩', '원피스', '숏패딩', '남자패딩', '노스페이스패딩', '여성코트', '남자숏패딩', '코트', '몽클레어남자패딩']"
2019-12-03,"['여성숏패딩', '롱패딩', '여성롱패딩', '여성패딩', '핸드메이드코트', '남자롱패딩', '여성경량패딩', '몽클레어여성패딩', '여자롱패딩', '남자경량패딩', '니트원피스', '패딩', '남자패딩', '원피스', '숏패딩', '노스페이스패딩', '여성코트', '여자무스탕', '코트', '남자숏패딩']"
2019-12-04,"['롱패딩', '여성숏패딩', '여성롱패딩', '여성패딩', '핸드메이드코트', '남자롱패딩', '몽클레어여성패딩', '여자롱패딩', '여성경량패딩', '남자경량패딩', '니트원피스', '패딩', '남자패딩', '원피스', '숏패딩', '노스페이스패딩', '여자무스탕', '여성구스다운', '여성코트', '몽클레어남자패딩']"
2019-12-05,"['롱패딩', '여성숏패딩', '여성롱패딩', '여성패딩', '남자롱패딩', '핸드메이드코트', '여자롱패딩', '몽클레어여성패딩', '여성경량패딩', '남자경량패딩', '니트원피스', '패딩', '남자패딩', '원피스', '숏패딩', '노스페이스패딩', '여자무스탕', '보브패딩', '여성구스다운', '아디다스롱패딩']"
2019-12-06,"['롱패딩', '여성롱패딩', '여성숏패딩', '여성패딩', '남자롱패딩', '여자롱패딩', '몽클레어여성패딩', '핸드메이드코트', '남자경량패딩', '여성경량패딩', '니트원피스', '패딩', '남자패딩', '원피스', '노스페이스패딩', '숏패딩', '여자무스탕', '여성구스다운', '보브패딩', '아디다스롱패딩']"
2019-12-07,"['롱패딩', '여성롱패딩', '여성숏패딩', '여성패딩', '남자롱패딩', '여자롱패딩', '몽클레어여성패딩', '핸드메이드코트', '남자경량패딩', '패딩', '니트원피스', '여성경량패딩', '남자패딩', '원피스', '노스페이스패딩', '여자무스탕', '보브패딩', '아디다스롱패딩', '여성구스다운', '숏패딩']"
2019-12-08,"['롱패딩', '여성롱패딩', '여성패딩', '남자롱패딩', '여성숏패딩', '여자롱패딩', '몽클레어여성패딩', '핸드메이드코트', '남자경량패딩', '패딩', '니트원피스', '남자패딩', '여성경량패딩', '원피스', '여자무스탕', '노스페이스패딩', '보브패딩', '여성구스다운', '아디다스롱패딩', '여자버버리패딩']"
2019-12-09,"['롱패딩', '여성롱패딩', '여성패딩', '남자롱패딩', '여성숏패딩', '여자롱패딩', '몽클레어여성패딩', '패딩', '남자패딩', '남자경량패딩', '니트원피스', '핸드메이드코트', '여성경량패딩', '여자무스탕', '원피스', '보브패딩', '노스페이스패딩', '여성구스다운', '아디다스롱패딩', '여자버버리패딩']"
2019-12-10,"['롱패딩', '여성롱패딩', '여성패딩', '남자롱패딩', '여성숏패딩', '여자롱패딩', '몽클레어여성패딩', '니트원피스', '핸드메이드코트', '패딩', '남자패딩', '남자경량패딩', '원피스', '여자무스탕', '여성경량패딩', '보브패딩', '노스페이스패딩', '여성구스다운', '아디다스롱패딩', '여자버버리패딩']"
2019-12-11,"['롱패딩', '여성롱패딩', '여성패딩', '여성숏패딩', '남자롱패딩', '여자롱패딩', '몽클레어여성패딩', '니트원피스', '핸드메이드코트', '패딩', '남자패딩', '원피스', '남자경량패딩', '여자무스탕', '여성경량패딩', '보브패딩', '노스페이스패딩', '아디다스롱패딩', '여성구스다운', '여자버버리패딩']"
2019-12-12,"['롱패딩', '여성롱패딩', '여성숏패딩', '여성패딩', '남자롱패딩', '여자롱패딩', '몽클레어여성패딩', '니트원피스', '핸드메이드코트', '원피스', '패딩', '남자경량패딩', '여자무스탕', '남자패딩', '여성경량패딩', '보브패딩', '노스페이스패딩', '몽클레어남자패딩', '여자버버리패딩', '여성구스다운패딩']"
2019-12-13,"['여성롱패딩', '롱패딩', '여성숏패딩', '여성패딩', '남자롱패딩', '여자롱패딩', '몽클레어여성패딩', '핸드메이드코트', '니트원피스', '원피스', '남자경량패딩', '여자무스탕', '여성경량패딩', '남자패딩', '패딩', '보브패딩', '몽클레어남자패딩', '노스페이스패딩', '니트', '여자버버리패딩']"
2019-12-14,"['여성숏패딩', '여성롱패딩', '롱패딩', '여성패딩', '남자롱패딩', '몽클레어여성패딩', '여자롱패딩', '핸드메이드코트', '니트원피스', '원피스', '여성경량패딩', '남자경량패딩', '여자무스탕', '남자패딩', '패딩', '보브패딩', '숏패딩', '니트', '몽클레어남자패딩', '노스페이스패딩']"
2019-12-15,"['여성숏패딩', '여성롱패딩', '롱패딩', '여성패딩', '핸드메이드코트', '남자롱패딩', '몽클레어여성패딩', '니트원피스', '원피스', '여자롱패딩', '여성경량패딩', '남자경량패딩', '여자무스탕', '패딩', '남자패딩', '숏패딩', '니트', '여성코트', '보브패딩', '몽클레어남자패딩']"
2019-12-16,"['여성숏패딩', '여성롱패딩', '롱패딩', '여성패딩', '핸드메이드코트', '니트원피스', '원피스', '몽클레어여성패딩', '남자롱패딩', '여자롱패딩', '여성경량패딩', '남자경량패딩', '여자무스탕', '패딩', '숏패딩', '니트', '남자패딩', '여성코트', '벨벳원피스', '몽클레어남자패딩']"
2019-12-17,"['여성숏패딩', '여성롱패딩', '롱패딩', '여성패딩', '핸드메이드코트', '니트원피스', '원피스', '몽클레어여성패딩', '남자롱패딩', '여성경량패딩', '여자롱패딩', '남자경량패딩', '여자무스탕', '여성코트', '숏패딩', '패딩', '남자패딩', '니트', '여성핸드메이드코트', '몽클레어남자패딩']"
2019-12-18,"['여성숏패딩', '여성롱패딩', '여성패딩', '롱패딩', '핸드메이드코트', '원피스', '니트원피스', '몽클레어여성패딩', '남자롱패딩', '여성경량패딩', '여자롱패딩', '남자경량패딩', '여성코트', '숏패딩', '여자무스탕', '패딩', '남자패딩', '여성핸드메이드코트', '니트', '몽클레어남자패딩']"
2019-12-19,"['여성숏패딩', '여성롱패딩', '여성패딩', '핸드메이드코트', '롱패딩', '원피스', '니트원피스', '몽클레어여성패딩', '남자롱패딩', '여성경량패딩', '여자롱패딩', '남자경량패딩', '숏패딩', '여성코트', '여자무스탕', '여성핸드메이드코트', '패딩', '몽클레어남자패딩', '남자패딩', '니트']"
2019-12-20,"['여성숏패딩', '핸드메이드코트', '여성패딩', '여성롱패딩', '원피스', '롱패딩', '니트원피스', '몽클레어여성패딩', '여성경량패딩', '남자롱패딩', '남자경량패딩', '숏패딩', '여자롱패딩', '여자무스탕', '여성코트', '여성핸드메이드코트', '패딩', '남자패딩', '몽클레어남자패딩', '벨벳원피스']"
2019-12-21,"['여성숏패딩', '핸드메이드코트', '여성패딩', '원피스', '여성롱패딩', '롱패딩', '니트원피스', '몽클레어여성패딩', '여성경량패딩', '남자롱패딩', '남자경량패딩', '숏패딩', '여자무스탕', '여성코트', '여자롱패딩', '여성핸드메이드코트', '패딩', '몽클레어남자패딩', '남자패딩', '벨벳원피스']"
2019-12-22,"['여성숏패딩', '핸드메이드코트', '원피스', '여성패딩', '여성롱패딩', '롱패딩', '니트원피스', '몽클레어여성패딩', '여성경량패딩', '남자롱패딩', '남자경량패딩', '여자무스탕', '숏패딩', '여성코트', '여자롱패딩', '여성핸드메이드코트', '몽클레어남자패딩', '남자패딩', '벨벳원피스', '코트']"
2019-12-23,"['여성숏패딩', '핸드메이드코트', '원피스', '여성패딩', '여성롱패딩', '롱패딩', '니트원피스', '몽클레어여성패딩', '남자롱패딩', '여성경량패딩', '숏패딩', '여자무스탕', '남자경량패딩', '여성코트', '여자롱패딩', '몽클레어남자패딩', '남자패딩', '여성핸드메이드코트', '코트', '패딩']"
2019-12-24,"['여성숏패딩', '핸드메이드코트', '여성패딩', '원피스', '여성롱패딩', '롱패딩', '몽클레어여성패딩', '니트원피스', '남자롱패딩', '여성경량패딩', '여자무스탕', '숏패딩', '여성코트', '남자경량패딩', '여자롱패딩', '몽클레어남자패딩', '남자패딩', '코트', '여성핸드메이드코트', '패딩']"
2019-12-25,"['여성숏패딩', '핸드메이드코트', '여성패딩', '여성롱패딩', '원피스', '롱패딩', '몽클레어여성패딩', '니트원피스', '남자롱패딩', '여성경량패딩', '여자무스탕', '숏패딩', '여성코트', '남자경량패딩', '몽클레어남자패딩', '여자롱패딩', '코트', '남자패딩', '여성핸드메이드코트', '패딩']"
2019-12-26,"['여성숏패딩', '핸드메이드코트', '여성패딩', '원피스', '롱패딩', '여성롱패딩', '니트원피스', '몽클레어여성패딩', '남자롱패딩', '여성경량패딩', '여성코트', '숏패딩', '여자무스탕', '남자경량패딩', '몽클레어남자패딩', '여자롱패딩', '남자패딩', '코트', '패딩', '여성핸드메이드코트']"
2019-12-27,"['여성숏패딩', '핸드메이드코트', '원피스', '여성패딩', '롱패딩', '여성롱패딩', '니트원피스', '몽클레어여성패딩', '남자롱패딩', '여성경량패딩', '여성코트', '숏패딩', '여자무스탕', '몽클레어남자패딩', '남자경량패딩', '여자롱패딩', '패딩', '남자패딩', '쉬즈미스코트', '코트']"
2019-12-28,"['여성숏패딩', '핸드메이드코트', '원피스', '여성패딩', '롱패딩', '여성롱패딩', '니트원피스', '몽클레어여성패딩', '남자롱패딩', '여성경량패딩', '여성코트', '몽클레어남자패딩', '숏패딩', '여자무스탕', '여성핸드메이드코트', '쉬즈미스코트', '남자경량패딩', '남자패딩', '패딩', '코트']"
2019-12-29,"['여성숏패딩', '핸드메이드코트', '원피스', '여성패딩', '롱패딩', '여성롱패딩', '니트원피스', '몽클레어여성패딩', '남자롱패딩', '여성코트', '여성경량패딩', '숏패딩', '몽클레어남자패딩', '쉬즈미스코트', '여자무스탕', '패딩', '남자경량패딩', '코트', '여성핸드메이드코트', '여자롱패딩']"
2019-12-30,"['여성숏패딩', '핸드메이드코트', '원피스', '여성패딩', '롱패딩', '여성롱패딩', '니트원피스', '몽클레어여성패딩', '남자롱패딩', '여성코트', '여성경량패딩', '여자무스탕', '쉬즈미스코트', '숏패딩', '몽클레어남자패딩', '남자경량패딩', '패딩', '보브코트', '여성핸드메이드코트', '코트']"
2019-12-31,"['여성숏패딩', '핸드메이드코트', '원피스', '롱패딩', '여성패딩', '여성롱패딩', '몽클레어여성패딩', '니트원피스', '남자롱패딩', '여성코트', '여성경량패딩', '여자무스탕', '쉬즈미스코트', '몽클레어남자패딩', '남자경량패딩', '패딩', '숏패딩', '보브코트', '코트', '모조에스핀코트']"
